46
45
45
45
45
45
44
39
39
39
39
39
39
39
39
39
39
39
39
39
38
38
37
37
37
37
37
37
37
37
37
36
36
36
31
31
31
31
31
31
31
30
30
30
30
30
30
30
30
30
30
30
30
30
30
30
30
30
30
30
30
30
30
30
30
30
30
30
30
30
30
30
30
30
30
30
30
29
29
29
29
29
29
29
29
29
29
29
29
28
28
28
28
27
27
27
27
27
27
27
27
27
27
27
27
26
25
25
25
25
25
25
25
25
25
25
23
23
23
23
23
23
23
23
23
23
23
23
23
23
23
21
21
21
21
21
21
21
21
21
20
20
20
20
20
20
19
19
18
18
17
17
17
17
17
17
17
17
17
17
16
16
16
15
15
14
14
13
13
12
12
12
11
11
11
10
10
10
9
9
8
8
8
8
8
5
5
5
5
5
5
5
5
5
5
5
5
5
5
5
5
5
5
5
3
3
3
3
3
3
3
3
3
3
3
3
3
3
3
3
3
3
3
3
3
3
3
3
3
3
3
3
3
3
3
3
3
3
2
2
2
2
2
2
2
1
1
1
1
1
1
0
