2.6266519823788546
2.606569615528182
2.6179690449226123
2.6195158850226927
2.6201286416950436
2.613532110091743
2.599533437013997
2.4616033755274263
2.4769165607793306
2.4734133790737562
2.4825935596170585
2.483239007400958
2.4840958605664487
2.486640385457731
2.486640385457731
2.49490022172949
2.507650765076508
2.5067750677506777
2.5067750677506777
2.507455942159964
2.5011494252873563
2.503918856615952
2.49718574108818
2.49718574108818
2.4978883153449085
2.4976415094339623
2.5129310344827585
2.515122419587134
2.5252427184466018
2.5233644859813085
2.525615763546798
2.525075225677031
2.5420275089149262
2.546386468477704
2.306134969325153
2.29426433915212
2.2950717404865877
2.2996207332490517
2.320155541153597
2.312911725955204
2.312911725955204
2.318548387096774
2.3153274814314653
2.3287577213452297
2.3405142460041697
2.344779257182901
2.351063829787234
2.3518385003604902
2.359738372093023
2.3530280649926145
2.3617339312406576
2.36281179138322
2.348694316436252
2.3544891640866874
2.355538342370256
2.3656422379826636
2.367797947908445
2.368878357030016
2.37788385043755
2.378980891719745
2.3800796812749003
2.3800796812749003
2.387329591018444
2.393548387096774
2.401952807160293
2.400330851943755
2.4014900662251657
2.399664147774979
2.4030482641828956
2.385344827586207
2.3812824956672443
2.419383259911894
2.4162210338680925
2.4056261343012704
2.4056261343012704
2.4075091575091574
2.39292364990689
2.401913875598086
2.4025465230166505
2.403921568627451
2.403921568627451
2.344862665310275
2.350418410041841
2.35480464625132
2.35181236673774
2.356989247311828
2.36144578313253
2.362938596491228
2.3566666666666665
2.376146788990826
2.3815028901734103
2.3846153846153846
2.3862310385064176
2.408433734939759
2.4348894348894348
2.4249684741488022
2.4183673469387754
2.4217335058214746
2.3825857519788918
2.278409090909091
2.2814285714285716
2.2814285714285716
2.2540861812778603
2.201219512195122
2.201550387596899
2.1550888529886914
2.1936026936026938
2.195945945945946
2.195945945945946
2.200339558573854
2.2058823529411766
2.2058823529411766
2.2058823529411766
2.1814946619217084
2.187725631768953
2.1614100185528757
2.144308943089431
2.1466395112016294
2.1466395112016294
2.1513292433537834
2.154320987654321
2.158004158004158
2.160416666666667
2.160416666666667
2.1266094420600856
2.1293103448275863
2.1269146608315097
2.1269146608315097
2.1355555555555554
2.1486486486486487
2.1564625850340136
2.163316582914573
2.1666666666666665
2.169620253164557
2.146981627296588
2.1386666666666665
2.1386666666666665
2.1270718232044197
2.1301939058171744
2.1301939058171744
2.126099706744868
2.129793510324484
2.0122324159021407
2.0185185185185186
2.0185185185185186
1.8
1.7717391304347827
1.7761194029850746
1.824
1.8333333333333333
1.8427947598253276
1.8427947598253276
1.8464912280701755
1.8502202643171806
1.8577777777777778
1.8577777777777778
1.8545454545454545
1.8584474885844748
1.8584474885844748
1.849056603773585
1.8112244897959184
1.8238341968911918
1.8238341968911918
1.7752808988764044
1.782857142857143
1.8012422360248448
1.7733333333333334
1.781021897810219
1.8
1.771186440677966
1.8053097345132743
1.8053097345132743
1.7058823529411764
1.6938775510204083
1.6938775510204083
1.6477272727272727
1.619047619047619
1.619047619047619
1.4666666666666666
1.4722222222222223
1.5
1.5
1.5
1.509090909090909
1.528301886792453
1.25
1.2571428571428571
1.2571428571428571
1.2571428571428571
1.2571428571428571
1.2647058823529411
1.2647058823529411
1.2647058823529411
1.28125
1.28125
1.28125
1.2758620689655173
1.2857142857142858
1.2857142857142858
1.2857142857142858
1.2857142857142858
1.2857142857142858
1.2962962962962963
1.2962962962962963
1.15
1.15
1.1176470588235294
1.1176470588235294
1.1176470588235294
1.1176470588235294
1.1176470588235294
1.1176470588235294
1.1176470588235294
1.1176470588235294
1.1333333333333333
1.1333333333333333
1.1428571428571428
1.1428571428571428
1.1538461538461537
1.1538461538461537
1.1666666666666667
1.1666666666666667
1.1666666666666667
1.1818181818181819
1.1818181818181819
1.2
1.125
1.125
1.125
1.125
1.1428571428571428
1.1428571428571428
1.1428571428571428
1.1428571428571428
1.1428571428571428
1.1428571428571428
1.1428571428571428
1.1428571428571428
1.0
1.0
1.0
1.0
1.0
1.0
1.0
0.0
0.0
0.0
0.0
0.0
0.0
0.0
