2.6462998102466795
2.6458333333333335
2.735686274509804
2.7106416899163013
2.728080808080808
2.7149897330595483
2.716282894736842
2.733639016256774
2.739830508474576
2.726528854435831
2.684901531728665
2.4617224880382773
2.474271844660194
2.466009852216749
2.474762618690655
2.4865413915693244
2.482740855229263
2.4816945606694563
2.4658050619278407
2.467385444743935
2.468429573664328
2.4564860426929394
2.4572836801752462
2.4521835268103924
2.447309417040359
2.447309417040359
2.4431818181818183
2.433562428407789
2.4334689134224288
2.4568047337278105
2.457667258732978
2.4590747330960854
2.4527961515333736
2.4448507007922
2.415625
2.3959519291587603
2.435006435006435
2.4370561652679146
2.4421326397919376
2.431878306878307
2.433065595716198
2.407885791978246
2.432284541723666
2.433264887063655
2.433264887063655
2.4342465753424656
2.4331034482758622
2.434219985621855
2.4355783308931187
2.4544095665171897
2.4512937595129376
2.4512937595129376
2.4438419829589466
2.461227786752827
2.461227786752827
2.4504504504504503
2.385159010600707
2.385159010600707
2.392953929539295
2.3903548680618742
2.3946886446886446
2.395967002749771
2.404432132963989
2.4057301293900184
2.409728718428438
2.411048689138577
2.4172185430463577
2.4133333333333336
2.401750972762646
2.398628795298727
2.4
2.4
2.4414414414414414
2.4442211055276384
2.4442211055276384
2.4442211055276384
2.399581589958159
2.378755364806867
2.384864864864865
2.4156560088202865
2.4157303370786516
2.2294871794871796
2.233817701453104
2.233817701453104
2.233817701453104
2.233817701453104
2.2374005305039786
2.2393617021276597
2.24798927613941
2.24798927613941
2.2405405405405405
2.2422192151556155
2.245833333333333
2.2447552447552446
2.2447552447552446
2.2447552447552446
2.247191011235955
2.251778093883357
2.2648809523809526
2.2672672672672673
2.269172932330827
2.269172932330827
2.2803738317757007
2.2868338557993733
2.2854889589905363
2.3513071895424837
2.371186440677966
2.37649063032368
2.3773584905660377
2.382758620689655
2.385146804835924
2.3902439024390243
2.3957968476357268
2.3957968476357268
2.398945518453427
2.398945518453427
2.4014084507042255
2.4038800705467374
2.4113475177304964
2.458563535911602
2.4612546125461257
2.4846743295019156
2.487523992322457
2.487523992322457
2.494208494208494
2.497098646034816
2.497098646034816
2.497098646034816
2.5
2.4842767295597485
2.489406779661017
2.49680170575693
2.5
2.509719222462203
2.509719222462203
2.5336322869955157
2.496470588235294
2.454320987654321
2.3989637305699483
2.41688654353562
2.4206349206349205
2.4206349206349205
2.283333333333333
2.283333333333333
2.283333333333333
2.247813411078717
2.2514619883040936
2.2611275964391693
2.269461077844311
2.269461077844311
2.2732732732732734
2.2848484848484847
2.2972136222910216
2.305295950155763
2.305295950155763
2.309375
2.309375
2.309375
2.3176100628930816
2.3227848101265822
2.326984126984127
2.3312101910828025
2.3312101910828025
2.3312101910828025
2.282685512367491
2.2602230483271377
2.2421875
2.2529644268774702
2.257936507936508
2.2580645161290325
2.2580645161290325
2.293103448275862
2.293103448275862
2.293103448275862
2.1818181818181817
2.2037037037037037
2.2037037037037037
2.215962441314554
2.2285714285714286
2.2344497607655502
2.202020202020202
2.202020202020202
2.185792349726776
2.185792349726776
2.185792349726776
2.185792349726776
2.2
2.0422535211267605
2.0422535211267605
2.053030303030303
2.053030303030303
2.053030303030303
1.927927927927928
1.8627450980392157
1.8627450980392157
1.8627450980392157
1.7553191489361701
1.7717391304347827
1.5443037974683544
1.5443037974683544
1.5405405405405406
1.5405405405405406
1.5405405405405406
1.5538461538461539
1.5
1.4565217391304348
1.4651162790697674
1.4651162790697674
1.4651162790697674
1.4761904761904763
1.4722222222222223
1.4137931034482758
1.4137931034482758
1.4230769230769231
1.44
1.4782608695652173
1.4782608695652173
1.4782608695652173
1.4782608695652173
1.4782608695652173
1.3333333333333333
1.3333333333333333
1.1818181818181819
1.2222222222222223
1.1666666666666667
1.2
1.0
1.0
1.0
1.0
1.0
1.0
1.0
1.0
1.0
1.0
1.0
1.0
1.0
1.0
1.0
1.0
1.0
1.0
1.0
1.0
1.0
1.0
0.0
0.0
0.0
0.0
