44
43
42
41
41
40
40
40
39
38
37
33
33
33
33
32
32
32
32
32
32
32
32
32
32
32
32
32
32
31
31
31
31
31
31
31
31
31
31
31
31
31
31
31
31
31
31
29
29
28
28
28
28
26
26
26
26
26
25
25
25
25
25
25
25
25
25
25
25
25
25
25
25
25
25
25
25
24
24
24
24
24
24
24
24
24
24
24
24
24
24
24
24
24
24
24
24
24
24
24
24
24
23
23
23
23
22
22
22
22
22
22
22
22
22
22
22
22
22
22
22
22
22
22
22
22
22
22
22
22
22
22
22
22
22
22
21
20
19
19
19
19
18
18
18
17
17
17
17
17
17
17
17
17
17
17
17
17
17
17
17
17
17
17
17
17
17
17
17
17
17
16
16
16
16
16
16
16
16
16
16
16
15
15
15
15
15
12
12
12
12
12
10
10
10
10
10
10
10
10
10
10
10
9
7
7
7
7
7
7
6
6
6
6
6
6
6
6
6
6
5
5
4
4
3
3
2
2
2
2
2
2
2
2
2
2
2
2
2
2
2
2
2
2
2
2
2
2
1
1
1
0
