44
43
42
41
40
40
40
40
39
38
38
32
32
32
32
32
32
32
32
32
32
31
31
31
31
31
31
31
31
31
31
31
31
31
31
31
31
31
31
31
31
31
31
31
31
31
31
31
31
30
30
30
30
30
29
28
27
27
26
26
25
25
24
24
23
23
23
23
23
23
23
23
23
23
23
23
23
23
23
23
23
23
23
23
23
23
23
23
23
23
23
23
23
23
23
23
23
23
23
23
23
23
23
23
23
23
23
23
23
23
23
23
23
23
23
23
23
23
23
23
23
23
23
23
23
23
23
23
23
22
22
22
22
22
22
22
22
22
22
22
22
21
21
21
21
21
21
20
19
19
19
19
19
18
18
18
18
18
18
18
17
17
17
17
17
17
17
17
17
17
17
17
16
16
16
16
16
16
16
14
14
14
13
13
13
13
13
13
13
13
13
13
12
12
11
11
11
11
9
9
9
9
9
7
7
7
7
6
6
6
6
6
6
6
6
6
6
6
6
6
5
5
4
4
3
3
2
2
2
2
2
2
2
2
2
2
2
2
2
2
2
2
2
2
2
2
2
2
1
1
1
0
