2.6462998102466795
2.7376543209876543
2.735686274509804
2.7106416899163013
2.697448359659781
2.7149897330595483
2.716282894736842
2.733639016256774
2.7207627118644067
2.726528854435831
2.7401746724890828
2.456681350954479
2.456681350954479
2.455312810327706
2.4471299093655587
2.429901707190895
2.4229559748427674
2.4187898089171975
2.420297555791711
2.4150134048257375
2.4109663409337676
2.432357813362783
2.4055429864253393
2.387299771167048
2.386928860613071
2.386928860613071
2.3862275449101795
2.3630843958712813
2.3773934527486102
2.3151315789473683
2.3251533742331287
2.3300970873786406
2.3152327221438647
2.3159010600706713
2.3455459770114944
2.3484848484848486
2.3513119533527695
2.3577712609970676
2.3604737231680235
2.3617494440326166
2.362759643916914
2.3594821020563597
2.3623853211009176
2.3584615384615386
2.3595073133179367
2.3440691280439907
2.345125786163522
2.3386454183266934
2.339712918660287
2.329248366013072
2.330335241210139
2.3338815789473686
2.3352553542009886
2.3380281690140845
2.3480475382003396
2.3869565217391306
2.4194122885129117
2.4206773618538326
2.4096715328467155
2.411926605504587
2.492018779342723
2.4976437323279925
2.5004821600771456
2.501930501930502
2.478775913129319
2.4802371541501977
2.4802371541501977
2.4717171717171715
2.4781281790437437
2.410828025477707
2.410828025477707
2.4142705005324814
2.4142705005324814
2.4157782515991473
2.4157782515991473
2.4188034188034186
2.4188034188034186
2.4203208556149733
2.428417653390743
2.4318181818181817
2.3875878220140514
2.3896713615023475
2.396204033214709
2.3964071856287426
2.399756986634265
2.391089108910891
2.381612090680101
2.3855109961190166
2.3873056994818653
2.396078431372549
2.397905759162304
2.397905759162304
2.4138851802403205
2.415775401069519
2.415775401069519
2.318313953488372
2.318313953488372
2.3240058910162005
2.3240058910162005
2.3179791976225856
2.3179791976225856
2.3248502994011977
2.3242835595776774
2.3242835595776774
2.323216995447648
2.3287250384024576
2.3338485316846986
2.3338485316846986
2.340625
2.351524879614767
2.351524879614767
2.351524879614767
2.351524879614767
2.3583061889250816
2.3583061889250816
2.3600654664484453
2.3651315789473686
2.367380560131796
2.3696369636963697
2.3764510779436154
2.3810316139767056
2.3810316139767056
2.3810316139767056
2.3810316139767056
2.3833333333333333
2.4048442906574397
2.4072790294627384
2.4097222222222223
2.4121739130434783
2.3796992481203008
2.383301707779886
2.4063116370808677
2.4221311475409837
2.43064182194617
2.43064182194617
2.43064182194617
2.43064182194617
2.433609958506224
2.433609958506224
2.5064655172413794
2.509719222462203
2.4615384615384617
2.47816091954023
2.486111111111111
2.486111111111111
2.5108433734939757
2.5144927536231885
2.4746192893401013
2.3333333333333335
2.343243243243243
2.343243243243243
2.349726775956284
2.3608815426997247
2.3391304347826085
2.3529411764705883
2.3620178041543025
2.3660714285714284
2.370149253731343
2.3825301204819276
2.3825301204819276
2.4317460317460315
2.387959866220736
2.387959866220736
2.387959866220736
2.3926174496644297
2.2676579925650557
2.2723880597014925
2.2723880597014925
2.2723880597014925
2.2723880597014925
2.2781954887218046
2.2781954887218046
2.312
2.321138211382114
2.321138211382114
2.325102880658436
2.330578512396694
2.3487394957983194
2.3487394957983194
2.238578680203046
2.238578680203046
2.2448979591836733
2.2076502732240435
2.2222222222222223
2.0714285714285716
2.090909090909091
2.090909090909091
2.090909090909091
2.090909090909091
2.090909090909091
2.038961038961039
1.9555555555555555
1.951219512195122
1.9478260869565218
1.9807692307692308
1.9807692307692308
1.9807692307692308
1.9807692307692308
1.811764705882353
1.7307692307692308
1.7307692307692308
1.537313432835821
1.537313432835821
1.4807692307692308
1.4375
1.4375
1.4565217391304348
1.45
1.393939393939394
1.40625
1.4137931034482758
1.4285714285714286
1.4615384615384615
1.4782608695652173
1.4782608695652173
1.4782608695652173
1.4782608695652173
1.4782608695652173
1.4782608695652173
1.4782608695652173
1.3333333333333333
1.3333333333333333
1.1818181818181819
1.2222222222222223
1.1666666666666667
1.2
1.0
1.0
1.0
1.0
1.0
1.0
1.0
1.0
1.0
1.0
1.0
1.0
1.0
1.0
1.0
1.0
1.0
1.0
1.0
1.0
1.0
1.0
0.0
0.0
0.0
0.0
