2.6776315789473686
2.6888642249352572
2.706102583302134
2.728030303030303
2.7417624521072796
2.751560062402496
2.740770146883684
2.7562248995983936
2.7696994313566208
2.7885010266940453
2.7754077791718945
2.486336032388664
2.494147582697201
2.495643259866735
2.5098547717842323
2.512092534174553
2.5167820990942995
2.540744738262277
2.562260010970927
2.568119139547711
2.589358010410642
2.5965116279069766
2.5881305637982197
2.599395770392749
2.6022099447513813
2.62875
2.6344827586206896
2.60443864229765
2.630881378396289
2.664429530201342
2.673024523160763
2.6931582584657914
2.69909659485754
2.727530077848549
2.945965417867435
2.952932657494569
2.96
2.9664233576642336
2.970193740685544
2.979467680608365
3.048875096974399
3.0546021840873636
3.0595611285266457
3.049560351718625
3.0603864734299515
3.0688816855753647
3.07224025974026
3.018819503849444
3.023175965665236
3.0225890529973936
3.0329768270944744
2.9888785912882296
2.983947119924457
2.9847619047619047
2.968410661401777
2.9723046488625124
2.983640081799591
3.005268703898841
2.9875706214689264
2.9547038327526134
2.722938144329897
2.6935270805812417
2.684709066305819
2.4516616314199395
2.4574468085106385
2.4655436447166923
2.519872813990461
2.5132013201320134
2.6523972602739727
2.644760213143872
2.6155419222903884
2.534934497816594
2.539149888143177
2.515011547344111
2.1588541666666665
2.1688654353562007
2.169811320754717
2.1754874651810585
2.192528735632184
2.195266272189349
2.2036474164133737
2.2125
2.21474358974359
2.2101694915254235
2.2222222222222223
2.230496453900709
2.2382671480144403
2.2454212454212454
2.2555555555555555
2.264925373134328
2.279245283018868
2.2950191570881224
2.306201550387597
2.311284046692607
2.2771084337349397
2.283400809716599
2.2780082987551866
2.2098214285714284
2.2171945701357467
2.2227272727272727
2.229357798165138
2.2336448598130842
2.2369668246445498
2.242857142857143
2.237864077669903
2.2487562189054726
2.255
2.2783505154639174
2.259259259259259
2.265957446808511
2.272727272727273
2.2795698924731185
2.2880434782608696
2.3016759776536313
2.308988764044944
2.309941520467836
2.3176470588235296
2.3254437869822486
2.3433734939759034
2.361963190184049
2.3703703703703702
2.3773584905660377
2.4066666666666667
2.115702479338843
2.125
1.9714285714285715
1.8191489361702127
1.826086956521739
1.7882352941176471
1.7976190476190477
1.8148148148148149
1.825
1.8333333333333333
1.844155844155844
1.855263157894737
1.8666666666666667
1.8783783783783783
1.8904109589041096
1.9027777777777777
1.9154929577464788
1.828125
1.8387096774193548
1.8524590163934427
1.8666666666666667
1.5510204081632653
1.5625
1.574468085106383
1.4883720930232558
1.5
1.4615384615384615
1.4594594594594594
1.4722222222222223
1.4857142857142858
1.5
1.5151515151515151
1.53125
1.5483870967741935
1.4444444444444444
1.375
1.391304347826087
1.35
1.3333333333333333
1.3125
1.3333333333333333
1.3571428571428572
1.3846153846153846
1.4166666666666667
1.4545454545454546
1.5
1.5714285714285714
1.25
1.0
0.0
0.0
0.0
0.0
0.0
0.0
0.0
0.0
0.0
0.0
0.0
0.0
0.0
0.0
0.0
0.0
0.0
0.0
0.0
0.0
0.0
0.0
0.0
0.0
0.0
0.0
0.0
0.0
0.0
0.0
0.0
0.0
0.0
0.0
0.0
0.0
0.0
0.0
0.0
0.0
0.0
0.0
0.0
0.0
0.0
0.0
0.0
0.0
0.0
0.0
0.0
0.0
0.0
0.0
0.0
0.0
0.0
0.0
0.0
0.0
0.0
0.0
0.0
0.0
0.0
0.0
0.0
0.0
0.0
0.0
0.0
0.0
0.0
0.0
0.0
0.0
0.0
0.0
0.0
0.0
