2.6747076023391814
2.6899741028486868
2.7049794084612504
2.725
2.714570858283433
2.7337373737373736
2.7430098684210527
2.766541822721598
2.474798387096774
2.493353783231084
2.5223029045643153
2.5323590814196244
2.556908417151932
2.5782678859601935
2.587121212121212
2.6952224052718288
2.6978375219170077
2.7433784579164215
2.7680812910938433
2.7884848484848486
2.852307692307692
2.863777089783282
2.9578616352201257
2.9835547122074635
3.0416933932007697
3.087296416938111
2.906891495601173
2.9064856711915534
2.871230643846781
2.9387923904052937
2.9541666666666666
2.972151898734177
3.0361757105943155
3.0512367491166077
3.061224489795918
3.0728597449908923
3.1012070566388115
3.057377049180328
3.0583244962884413
3.06951871657754
3.057017543859649
2.9859649122807017
3.0011820330969265
2.7820689655172415
2.765379113018598
2.853801169590643
2.635024549918167
2.6859083191850592
2.4728370221327967
2.4665271966527196
2.430735930735931
2.291970802919708
2.2487046632124352
2.068862275449102
2.088145896656535
2.0934579439252334
2.1019108280254777
2.0927152317880795
2.0357142857142856
2.0474452554744524
2.0528301886792453
1.9879032258064515
1.99163179916318
1.9594594594594594
1.9726027397260273
1.5222222222222221
1.4424242424242424
1.4166666666666667
1.4026845637583893
1.4109589041095891
1.4154929577464788
1.416058394160584
1.4222222222222223
1.4242424242424243
1.4094488188976377
1.3934426229508197
1.376068376068376
1.3771929824561404
1.3783783783783783
1.3796296296296295
1.3592233009708738
1.36
1.3368421052631578
1.3369565217391304
1.3103448275862069
1.3095238095238095
1.2784810126582278
1.2763157894736843
1.273972602739726
1.2714285714285714
1.1587301587301588
1.15
1.1403508771929824
1.1296296296296295
1.1176470588235294
1.1041666666666667
1.0232558139534884
1.0
1.0
1.0
1.0
1.0
1.0
1.0
1.0
1.0
1.0
1.0
1.0
1.0
1.0
1.0
1.0
1.0
1.0
1.0
1.0
1.0
1.0
1.0
1.0
1.0
1.0
1.0
1.0
1.0
1.0
1.0
1.0
1.0
1.0
1.0
1.0
1.0
1.0
1.0
1.0
0.0
0.0
0.0
0.0
0.0
0.0
0.0
0.0
0.0
0.0
0.0
0.0
0.0
0.0
0.0
0.0
0.0
0.0
0.0
0.0
0.0
0.0
0.0
0.0
0.0
0.0
0.0
0.0
0.0
0.0
0.0
0.0
0.0
0.0
0.0
0.0
0.0
0.0
0.0
0.0
0.0
0.0
0.0
0.0
0.0
0.0
0.0
0.0
0.0
0.0
0.0
0.0
0.0
0.0
0.0
0.0
0.0
0.0
0.0
0.0
0.0
0.0
0.0
0.0
0.0
0.0
0.0
0.0
0.0
0.0
0.0
0.0
0.0
0.0
0.0
0.0
0.0
0.0
0.0
0.0
0.0
0.0
0.0
0.0
0.0
0.0
0.0
0.0
0.0
0.0
0.0
0.0
0.0
0.0
0.0
0.0
0.0
0.0
0.0
0.0
0.0
0.0
0.0
0.0
0.0
0.0
0.0
0.0
0.0
0.0
0.0
0.0
0.0
0.0
0.0
