2.6259177679882524
2.6356877323420074
2.6155009451795843
2.61608497723824
2.645198170731707
2.645825390773923
2.6464530892448512
2.643048640367675
2.643048640367675
2.605765485001948
2.608356110894182
2.62549642573471
2.612681744749596
2.598031173092699
2.598686910135412
2.5767946577629384
2.592561284868977
2.59323467230444
2.5806451612903225
2.5813253012048194
2.5830099180681327
2.578605456907752
2.5792894280762564
2.5813953488372094
2.5691964285714284
2.5554041780199817
2.5755196304849886
2.5919324577861165
2.6066666666666665
2.6025824964131994
2.6054650047938637
2.609239653512993
2.5954946131243877
2.5995085995085994
2.6000991080277505
2.600892414476946
2.620342396777442
2.608918503331625
2.6241540864133266
2.6120826709062004
2.6169983862291555
2.640829694323144
2.644383561643836
2.668552036199095
2.659025787965616
2.643107476635514
2.6440677966101696
2.628350208457415
2.6299638989169676
2.640586797066015
2.6305295950155765
2.6315461346633415
2.635625
2.6317460317460317
2.6331849968213605
2.7049709489993545
2.713263979193758
2.7168949771689497
2.7168949771689497
2.53725782414307
2.5384041759880684
2.53955223880597
2.5404191616766467
2.525875190258752
2.587141750580945
2.5896043444530643
2.6148969889064975
2.618122977346278
2.6407927332782823
2.64255677039529
2.5601045296167246
2.5403011514614704
2.5185185185185186
2.5185185185185186
2.534435261707989
2.502840909090909
2.4492610837438424
2.4515810276679844
2.4493927125506074
2.4697773064687167
2.490238611713666
2.439511653718091
2.3758700696055683
2.3774680603948894
2.375886524822695
2.406779661016949
2.376425855513308
2.3781725888324874
2.3823529411764706
2.3828125
2.3894878706199463
2.386394557823129
2.3584379358437935
2.3584379358437935
2.366573033707865
2.357653791130186
2.357653791130186
2.365079365079365
2.36417033773862
2.377643504531722
2.371559633027523
2.3736600306278715
2.38
2.3854489164086687
2.4015748031496065
2.408874801901743
2.411111111111111
2.4016806722689075
2.413494809688581
2.1946050096339116
2.1699604743083003
2.1897959183673468
2.192229038854806
2.180497925311203
2.180497925311203
2.1634819532908707
2.1634819532908707
2.156043956043956
2.0354609929078014
2.014925373134328
1.9844961240310077
1.9844961240310077
1.9281609195402298
1.930635838150289
1.933139534883721
1.935860058309038
1.935860058309038
1.907185628742515
1.90990990990991
1.9015384615384616
1.904320987654321
1.904320987654321
1.904320987654321
1.912621359223301
1.912621359223301
1.8791946308724832
1.893835616438356
1.9024390243902438
1.9055944055944056
1.9055944055944056
1.9078014184397163
1.9064748201438848
1.9097472924187726
1.9111111111111112
1.9111111111111112
1.9111111111111112
1.9138576779026217
1.9204545454545454
1.8980392156862744
1.9015748031496063
1.8975409836065573
1.8945147679324894
1.9237668161434978
1.935483870967742
1.935483870967742
1.9395348837209303
1.9395348837209303
1.9395348837209303
1.9395348837209303
1.9395348837209303
1.8613861386138615
1.8473684210526315
1.809782608695652
1.809782608695652
1.809782608695652
1.8034682080924855
1.808139534883721
1.8176470588235294
1.8224852071005917
1.86875
1.86875
1.86875
1.8742138364779874
1.8742138364779874
1.8742138364779874
1.8853503184713376
1.8979591836734695
1.8979591836734695
1.8979591836734695
1.9057971014492754
1.9057971014492754
1.9057971014492754
1.9153846153846155
1.959016393442623
1.9669421487603307
1.8240740740740742
1.8431372549019607
1.8514851485148516
1.8514851485148516
1.8514851485148516
1.8585858585858586
1.865979381443299
1.8478260869565217
1.7619047619047619
1.759493670886076
1.759493670886076
1.759493670886076
1.759493670886076
1.9444444444444444
1.878787878787879
1.878787878787879
1.878787878787879
1.878787878787879
1.878787878787879
1.878787878787879
1.878787878787879
1.8644067796610169
1.8793103448275863
1.8793103448275863
1.9411764705882353
1.9411764705882353
1.9411764705882353
1.9411764705882353
1.96
1.96
2.0
2.0
2.0
1.8837209302325582
1.837837837837838
1.837837837837838
1.875
1.8214285714285714
1.6666666666666667
1.6666666666666667
1.7222222222222223
1.7222222222222223
1.5
1.5
1.3333333333333333
1.375
1.375
1.4285714285714286
1.4285714285714286
1.5
1.5
1.5
1.3333333333333333
1.0
1.0
1.0
1.0
1.0
1.0
0.0
0.0
0.0
0.0
0.0
0.0
0.0
0.0
