47
47
47
47
47
47
47
47
47
46
46
46
46
46
46
46
46
46
46
46
46
46
45
44
44
44
44
44
44
44
44
44
43
43
43
43
43
43
43
43
43
43
42
42
42
41
40
40
40
40
40
39
39
39
39
39
38
38
37
37
37
37
37
36
36
35
35
35
35
35
35
35
35
35
35
35
28
26
26
26
25
25
25
25
25
25
25
25
25
25
25
25
25
25
25
25
25
25
24
24
24
24
24
24
24
23
23
23
23
23
23
23
23
22
22
22
22
22
21
21
21
21
21
21
21
21
21
20
20
20
20
20
20
20
20
18
18
18
18
18
17
17
17
17
17
17
17
17
17
17
17
17
17
17
16
16
16
16
16
15
15
15
14
12
12
12
11
11
11
10
10
10
10
10
10
10
10
10
10
10
10
10
10
9
9
9
9
9
9
9
9
9
9
9
7
7
7
6
6
6
5
5
5
5
5
5
5
5
5
5
5
5
5
5
5
5
5
5
5
5
4
4
4
4
3
3
3
3
3
3
3
2
2
2
1
1
1
1
1
1
1
1
1
1
1
1
1
1
1
1
1
0
