10 21
10 13
10 25
10 324
10 143
10 564
10 86
10 400
10 89
10 142
13 13
13 209
13 446
13 25
13 129
13 352
13 179
13 624
13 23
13 214
13 21
13 266
13 461
13 137
13 812
13 305
13 336
13 281
13 476
13 497
13 197
13 318
13 190
13 164
13 489
13 156
13 514
13 210
13 56
13 349
13 685
13 19
13 785
13 661
13 51
13 552
13 748
13 346
13 390
13 520
13 980
13 239
16 174
16 489
16 283
16 196
16 210
16 363
16 68
16 107
16 164
16 308
16 395
16 190
16 209
16 305
16 281
16 748
18 103
18 218
18 86
18 317
18 376
18 310
18 18
18 143
18 104
18 852
18 182
18 219
18 107
18 365
19 293
19 267
19 247
19 513
19 19
19 661
19 707
19 324
19 142
19 107
19 510
19 504
19 430
19 288
19 129
19 499
19 856
19 365
19 560
19 42
19 86
21 68
21 212
21 520
21 363
21 624
21 308
21 107
21 489
21 42
21 137
21 283
21 214
21 129
21 21
21 189
21 400
21 537
21 174
21 86
21 188
21 690
21 210
21 966
21 365
21 513
21 346
21 152
21 560
23 25
23 251
23 142
23 417
23 785
23 23
23 107
23 464
23 494
23 212
23 545
23 86
23 953
23 42
25 545
25 494
42 190
42 226
42 560
42 129
42 188
42 86
42 42
42 612
42 143
42 209
42 212
42 490
42 756
43 358
43 407
43 499
43 43
43 324
43 566
51 143
51 593
51 51
51 196
51 197
51 346
51 198
51 283
51 917
51 918
54 56
54 54
54 281
54 685
54 305
54 137
54 803
54 520
54 412
54 665
54 89
54 552
54 532
54 826
54 812
54 174
54 131
54 107
56 89
56 610
56 174
56 532
56 281
56 137
56 56
56 520
56 305
56 685
56 412
56 826
56 209
56 845
67 189
67 86
68 86
68 494
68 68
68 107
68 400
68 142
68 212
70 71
70 288
70 233
70 152
70 494
70 86
70 107
70 212
71 288
71 71
71 152
71 209
71 612
75 76
75 560
75 75
75 470
75 494
76 417
76 76
76 318
76 89
76 139
76 976
86 189
86 86
86 510
86 540
86 107
86 494
86 103
86 318
86 131
86 593
86 417
86 310
86 400
86 283
86 601
86 627
86 233
86 190
86 197
86 690
86 143
86 504
86 756
86 328
86 623
86 470
86 203
86 226
86 142
86 395
86 707
86 152
86 681
86 129
86 212
86 210
86 251
86 218
86 430
86 936
86 855
86 499
86 196
86 466
89 89
89 159
89 520
89 552
89 610
89 482
89 412
89 107
89 845
89 305
89 924
102 412
102 102
102 812
103 104
103 150
103 103
103 283
103 376
103 352
103 394
103 181
103 179
103 122
103 320
103 182
103 390
103 395
103 537
104 394
104 181
104 150
104 288
104 320
104 283
104 104
104 395
104 182
104 179
104 376
104 390
107 417
107 137
107 174
107 283
107 494
107 532
107 665
107 748
107 164
107 152
107 318
107 837
107 281
107 129
107 430
107 601
107 400
107 212
107 131
107 489
107 233
107 210
107 490
107 107
107 226
107 209
107 812
107 856
107 395
107 142
107 690
107 310
107 139
107 319
107 726
107 179
107 214
122 179
122 122
122 376
122 231
122 349
122 150
122 156
129 270
129 139
129 490
129 365
129 363
129 129
129 542
129 210
129 623
129 212
129 346
129 198
129 308
129 694
129 464
129 137
129 489
129 813
129 283
129 214
129 203
129 231
129 482
129 430
129 188
129 909
129 142
129 936
129 992
129 748
131 131
131 532
131 142
131 281
131 209
131 283
131 305
131 612
131 552
131 212
137 137
137 175
137 174
137 281
137 365
137 520
137 685
137 412
137 665
137 305
137 552
137 139
137 812
137 901
137 210
137 209
137 164
137 982
137 283
139 164
139 139
139 461
139 446
139 209
142 283
142 665
142 210
142 152
142 233
142 226
142 756
142 856
142 812
142 143
142 142
142 593
142 494
142 212
142 560
142 610
143 143
143 196
143 328
143 197
143 482
150 150
150 181
150 381
150 182
150 376
150 179
150 390
152 212
152 726
152 363
152 288
152 365
152 283
152 612
152 494
152 395
156 179
156 697
156 181
156 320
156 349
156 381
156 344
156 907
159 233
159 210
159 209
159 241
159 159
164 174
164 164
164 395
164 446
164 748
164 564
164 412
164 735
164 520
164 281
174 175
174 174
174 395
174 685
174 520
174 665
174 281
174 212
174 210
174 209
174 283
174 233
174 363
174 564
174 854
174 812
174 305
175 532
175 288
175 685
175 665
179 181
179 381
179 179
179 203
179 214
179 349
179 376
179 320
179 394
179 365
179 907
179 231
181 182
181 181
181 394
181 320
181 390
181 219
181 283
181 346
181 376
181 395
181 381
181 628
181 231
182 213
182 499
182 182
182 376
182 320
182 390
182 395
182 381
182 394
182 283
182 308
182 748
182 872
188 189
188 363
189 690
189 726
189 190
189 627
189 537
189 540
189 911
189 189
189 966
190 494
190 299
190 564
193 193
193 685
193 826
193 412
193 845
193 812
193 803
193 1001
196 218
196 203
196 196
196 197
196 198
196 231
196 917
196 918
196 593
197 197
197 593
197 494
197 198
197 917
197 918
197 601
198 593
198 203
198 198
203 376
203 231
203 829
209 210
209 233
209 564
209 209
209 241
209 283
209 319
209 490
209 494
209 365
209 587
209 812
209 601
209 909
209 845
209 924
210 233
210 210
210 363
210 283
210 365
210 489
210 241
210 212
210 494
210 513
210 305
212 233
212 283
212 226
212 490
212 489
212 365
212 288
212 612
212 363
212 665
212 494
212 856
212 212
212 726
213 320
213 247
213 499
213 466
213 407
213 707
213 358
213 213
213 487
213 951
213 266
213 956
213 913
214 214
214 593
214 352
214 681
214 346
214 231
214 851
218 218
218 482
218 308
218 310
218 313
218 226
218 317
218 228
218 513
218 872
218 219
218 288
218 560
226 317
226 513
226 390
226 365
226 313
226 283
226 228
226 494
228 482
231 231
231 624
231 621
231 257
231 344
231 466
231 936
231 537
233 239
233 241
233 288
233 532
233 612
233 494
233 601
233 233
241 499
241 241
247 661
247 267
247 566
247 707
247 358
251 336
251 251
251 417
266 266
266 267
266 466
266 358
266 324
266 407
267 267
267 466
267 661
267 707
276 276
276 560
281 281
281 552
281 520
281 685
281 305
281 412
281 845
281 564
281 494
283 363
283 308
283 365
283 283
283 494
283 288
283 601
283 390
283 394
283 395
283 693
283 594
283 748
283 376
283 320
283 318
283 560
283 726
288 756
288 288
293 293
293 504
293 365
293 856
293 661
299 855
299 299
305 552
305 412
305 305
305 520
305 685
305 845
305 489
305 494
308 308
308 320
308 494
308 430
308 376
308 532
308 390
310 317
310 313
310 365
310 494
313 313
313 317
313 560
313 623
318 417
318 494
318 318
318 482
318 725
318 976
319 319
320 381
320 394
320 628
320 320
320 593
320 376
320 349
320 390
324 466
328 494
328 560
328 328
328 514
336 400
336 560
336 336
336 883
344 381
344 344
344 349
346 346
346 352
348 349
349 349
349 907
352 681
352 352
352 851
358 499
358 407
358 566
358 504
358 358
358 707
358 466
358 510
358 560
358 913
358 856
363 365
363 661
363 560
365 490
365 365
365 430
365 489
365 564
365 513
376 376
376 394
376 390
376 395
381 381
381 394
381 390
390 395
390 390
390 756
390 394
394 628
394 394
394 537
395 395
395 494
400 560
400 400
400 690
407 499
407 504
407 566
407 494
407 466
407 856
412 412
412 803
412 520
412 826
412 552
412 665
412 888
412 812
412 587
412 845
412 685
417 725
417 417
417 494
417 976
430 430
430 504
430 856
430 956
446 446
446 461
461 624
461 461
461 735
461 812
464 556
464 464
464 494
466 494
466 504
466 856
466 487
466 466
466 499
466 488
466 510
470 470
470 494
470 980
482 482
482 497
482 593
487 488
487 487
488 499
489 489
490 490
490 513
494 510
494 494
494 504
494 601
494 690
494 918
494 593
497 811
499 504
499 566
499 913
499 499
499 510
499 707
504 856
504 504
504 510
510 510
510 661
513 513
513 627
514 514
520 685
520 520
520 552
520 532
520 845
520 812
532 532
532 552
537 537
538 538
538 723
540 952
545 785
552 552
556 556
560 913
560 856
564 564
564 748
564 640
566 707
587 587
593 917
593 918
593 936
593 907
601 812
610 694
610 610
612 726
612 612
612 791
612 924
612 856
623 623
623 813
623 791
627 627
627 707
628 628
630 630
633 633
634 634
640 640
653 653
661 661
661 707
661 856
665 665
665 685
665 812
669 669
669 930
673 673
681 681
681 851
685 685
685 826
685 845
685 812
690 690
697 697
707 872
707 856
707 913
711 711
716 716
723 923
723 825
723 723
726 726
732 732
737 737
744 744
748 748
756 756
772 772
784 784
788 788
803 803
803 826
803 812
803 1001
812 845
812 812
812 826
813 817
817 817
825 923
826 826
826 1001
837 837
845 845
845 953
845 924
846 846
851 852
851 851
851 907
852 852
856 856
856 913
856 956
883 883
887 887
890 890
907 907
907 936
913 951
913 956
917 918
918 918
923 923
930 930
936 965
936 936
951 951
952 952
976 976
980 980
989 989
992 992
