197
196
195
194
193
192
190
189
188
187
184
182
181
180
179
178
177
176
175
174
173
172
171
170
169
168
166
165
164
163
162
161
159
158
157
157
156
155
154
153
152
151
150
150
148
148
146
145
143
142
142
140
139
138
137
136
134
133
132
130
128
127
126
125
125
124
123
121
115
114
113
112
111
109
106
105
102
102
101
101
100
100
100
99
98
97
96
93
88
87
87
87
87
87
87
86
84
83
82
82
75
73
72
68
68
67
66
65
64
64
64
63
63
62
60
59
59
59
58
57
56
56
56
56
53
50
49
49
49
48
47
46
46
45
38
38
38
38
36
36
35
35
35
34
34
24
19
19
18
17
16
16
15
15
15
15
15
15
15
13
8
8
8
8
8
8
8
8
8
7
4
4
4
4
4
4
4
4
4
3
3
3
3
3
3
3
3
3
3
3
3
3
3
2
2
2
2
2
2
2
2
2
2
1
1
1
1
1
1
1
1
1
1
1
1
1
1
1
1
1
0
