2.857091078548128
2.8422869697128212
2.8427227565796427
2.8476612558735583
2.8465605611006204
2.8475712805975033
2.8795791114575215
2.877679626399595
2.8893943702018765
2.891654213127946
2.9140295671792438
2.8998664886515355
2.8996747867705714
2.908791958801266
2.903375580373949
2.9126269035532997
2.910928576012321
2.9212046472382682
2.922597163865546
2.9298047549475363
2.9351696338595903
2.9446747774077346
2.937422637876496
3.0676315057055383
3.0639301556009295
3.074741717135732
3.0675083929353377
3.089532392701485
3.09025648695132
3.0866767600302802
3.09204475781729
3.0835725925351127
3.0769414385741567
3.139242546333602
3.1308251040561497
3.1309990205680704
3.1300429894179893
3.120592915166234
3.1234410791550014
3.133745917139419
3.1308134471346456
3.1439413996999384
3.158214828727305
3.159001431639227
3.1601250114900266
3.1601250114900266
3.1507651615341015
3.162819653289915
3.1586566870198935
3.151318417898522
3.151318417898522
3.4084883362449903
3.4133653044203505
3.418552993441929
3.426317484168724
3.4197799803942925
3.420668761220826
3.431825948285682
3.4256967734474384
3.4186739804435966
3.4360930003690493
3.4695076230942266
3.47739969527679
3.5452199716165658
3.5452199716165658
3.57217778943228
3.542910447761194
3.5522655281641646
3.4476132377611712
3.4583268663665994
3.448341232227488
3.468317787069797
3.4737186834779763
3.473505434782609
3.4457614942528734
3.456891817682592
3.4902987970508343
3.4902987970508343
3.563229764496339
3.563229764496339
3.5667272360185747
3.5667272360185747
3.5667272360185747
3.5519159456118663
3.5456265769554247
3.5569864777849323
3.5237782160859084
3.535964502568893
3.7561229807191245
3.800853105838443
3.8030949839914623
3.8030949839914623
3.8030949839914623
3.8038430744595675
3.8038430744595675
3.767549849767823
3.757159221076747
3.75564681724846
3.728283739104298
3.728283739104298
3.872034507548526
4.135863377609108
4.16230979321108
3.994313210848644
3.994313210848644
4.210905813429473
4.29447282861124
4.327107279693487
4.586462450592886
4.588235294117647
4.590009891196835
4.509954058192956
4.509954058192956
4.575118608328941
4.56981981981982
4.622015142690739
4.622015142690739
4.622015142690739
4.652200120554551
4.5649188514357055
4.581500646830531
4.581500646830531
4.581500646830531
4.585492227979275
4.549204052098408
4.597233523189585
4.633898305084746
4.633898305084746
4.636980491942324
4.650751547303272
4.654981549815498
4.676300578034682
4.676300578034682
4.689828801611279
3.8547486033519553
3.8547486033519553
3.8547486033519553
3.8547486033519553
3.6438569206842923
3.6438569206842923
3.5822368421052633
3.5822368421052633
3.5822368421052633
3.56794425087108
3.56794425087108
2.5476923076923077
3.268181818181818
3.268181818181818
3.202970297029703
3.156756756756757
3.088757396449704
3.140939597315436
3.1194029850746268
3.1353383458646618
3.1353383458646618
3.1984126984126986
3.1984126984126986
3.1984126984126986
3.216
2.836734693877551
1.962962962962963
1.962962962962963
1.9607843137254901
1.9
1.945945945945946
1.9722222222222223
2.0303030303030303
2.0303030303030303
2.0303030303030303
1.8076923076923077
1.3333333333333333
1.3333333333333333
1.375
1.375
1.375
1.375
1.375
1.375
1.375
1.2
1.2
1.2
1.2
1.2
1.2
1.2
1.2
1.2
1.2
1.2
1.2
1.2
1.2
1.0
1.0
1.0
1.0
1.0
1.0
1.0
1.0
1.0
1.0
0.0
0.0
0.0
0.0
0.0
0.0
0.0
0.0
0.0
0.0
0.0
0.0
0.0
0.0
0.0
0.0
0.0
0.0
