197
196
195
194
193
191
190
189
188
187
186
185
184
183
182
179
178
177
176
175
174
173
172
171
170
169
168
167
166
164
163
162
161
160
159
157
156
155
153
152
150
149
147
146
142
141
141
140
139
139
138
137
136
133
132
131
130
129
128
125
124
124
121
118
118
117
116
115
113
112
111
110
109
109
108
106
105
104
104
103
97
96
96
95
93
93
93
93
92
91
90
88
85
84
82
80
79
78
77
76
75
74
74
71
70
63
62
61
61
61
61
61
56
56
53
52
51
50
45
45
45
43
42
42
42
36
35
34
34
34
33
31
14
13
13
13
13
13
8
8
8
8
8
8
8
8
8
8
8
8
8
6
6
6
6
6
6
6
6
6
6
6
6
6
6
6
6
6
6
6
6
5
5
5
5
5
5
5
4
4
4
3
3
3
3
3
3
3
3
3
3
2
2
2
2
2
2
2
2
2
2
2
2
2
2
2
2
1
1
1
1
1
1
1
1
1
1
1
1
1
0
