2.8541914772433077
2.861955327718784
2.847162033611669
2.8476612558735583
2.8465605611006204
2.87830542089026
2.8795791114575215
2.873909863275755
2.8763150412283194
2.8774571789860905
2.879793167557518
2.8778998061901686
2.889924597755744
2.8972388955582233
2.899623740745236
3.028297151461915
3.0269035532994923
3.0363858050439583
3.0323878756409424
3.039981617647059
3.042568734227653
3.025596237823312
3.0266431047373072
3.0183606106450283
3.025466184247147
3.0344997535731886
3.028927680798005
3.023146812806461
3.028098087870384
3.024900919763703
3.037093111279334
3.0419221336603313
3.0409715216885234
3.045022393337
3.0466263526416295
3.0319105525177505
3.0419112176572702
3.0437950092111876
3.047872797593468
3.0523382391361142
3.0458773028080843
3.0378863409770687
3.0501955671447196
3.0685422960725077
3.1952290647769237
3.192650334075724
3.192650334075724
3.1790922160607926
3.173351390769872
3.173351390769872
3.1850755734066167
3.182861432861433
3.18535045711798
3.199408149328477
3.205107464756182
3.194297782470961
3.1833670916239725
3.210188770571152
3.217305801376598
3.2442639855632893
3.25530521351847
3.2556006812524565
3.3403054905738268
3.313124005209087
3.3134587554269177
3.3192992786692184
3.376965703160102
3.3826577263029565
3.3996842936069456
3.3986823075686967
3.429973821989529
3.4330223258913697
3.4781944680128967
3.4799592391304346
3.491522491349481
3.4923657266031976
3.545038447455145
3.536394176931691
3.536394176931691
3.5417697431018076
3.594548186306074
3.606618452772299
3.606618452772299
3.5754252461951657
3.651483298294791
3.651483298294791
3.651483298294791
3.652102803738318
3.660697230181471
3.6790334391017816
3.698278013476416
3.705483028720627
3.6876574307304786
3.6666666666666665
3.6768953068592056
3.6247233638950362
3.643644617380026
3.6696606786427144
3.6657562307954934
3.6820890290921837
3.700503959683225
3.655325443786982
3.655325443786982
3.6243471273603856
3.684167011161637
4.203977562468128
4.1864139020537126
4.165941240478781
4.167664670658683
4.167664670658683
4.167664670658683
4.167664670658683
3.9175788795878943
3.9175788795878943
3.918103448275862
3.8992537313432836
3.91388673390225
3.853914447134786
4.2958167330677295
4.2958167330677295
4.299102691924228
4.521834061135372
4.477116704805492
4.48394495412844
4.48394495412844
4.265745007680492
4.915584415584416
4.865979381443299
4.865979381443299
4.865979381443299
4.743169398907104
4.489711934156379
2.679558011049724
2.6547619047619047
2.8639455782312924
2.8639455782312924
2.6666666666666665
2.6666666666666665
1.8987341772151898
1.7538461538461538
1.7538461538461538
1.765625
1.7777777777777777
1.7903225806451613
1.7903225806451613
1.7903225806451613
1.8135593220338984
1.8135593220338984
1.8275862068965518
1.8181818181818181
1.8181818181818181
1.6428571428571428
1.6216216216216217
1.6388888888888888
1.6388888888888888
1.6388888888888888
1.6470588235294117
1.5555555555555556
1.56
1.56
1.5909090909090908
1.5909090909090908
1.5909090909090908
1.5909090909090908
1.5909090909090908
1.5909090909090908
1.631578947368421
1.6666666666666667
1.6666666666666667
1.6666666666666667
1.6666666666666667
1.3846153846153846
1.3846153846153846
1.3846153846153846
1.3846153846153846
1.3846153846153846
1.3846153846153846
1.3846153846153846
1.3333333333333333
1.3333333333333333
1.375
1.2
1.2
1.2
1.2
1.2
1.2
1.2
1.2
1.2
1.2
1.0
1.0
1.0
1.0
1.0
1.0
1.0
1.0
1.0
1.0
1.0
1.0
1.0
1.0
1.0
1.0
0.0
0.0
0.0
0.0
0.0
0.0
0.0
0.0
0.0
0.0
0.0
0.0
0.0
0.0
