10
3
2
16
13
46
7
35
42
12
24
8
23
10
9
15
10
5
16
14
23
6
18
13
17
17
5
12
21
8
7
12
11
6
8
26
29
21
26
13
11
15
3
14
3
14
14
16
2
5
7
5
4
1
7
6
1
1
17
36
11
5
2
17
12
8
6
5
10
2
16
5
5
5
4
7
1
8
6
14
12
20
15
9
15
12
14
8
10
19
9
15
5
9
4
6
4
15
4
1
8
3
3
9
7
35
3
15
11
10
8
8
2
16
9
5
1
17
3
1
3
10
1
15
16
9
6
2
14
1
8
4
10
1
5
4
4
3
0
0
0
1
0
9
10
1
2
0
8
4
15
6
1
2
1
8
13
5
0
0
3
2
6
0
2
0
0
8
4
5
6
0
0
3
0
2
6
1
18
3
1
2
8
1
1
12
0
5
2
1
2
16
52
3
1
0
1
14
0
1
6
2
1
8
5
6
2
4
1
6
2
1
2
4
1
2
3
2
1
0
1
