197
196
195
194
193
191
190
189
188
187
186
185
184
183
182
181
180
179
178
177
176
174
172
171
170
169
166
165
164
163
161
160
159
158
157
156
155
154
153
152
151
147
146
145
144
143
142
141
140
139
138
137
136
134
132
131
129
128
128
127
126
125
125
124
123
122
119
117
117
117
116
115
114
113
112
111
110
110
109
108
105
104
103
100
100
99
97
97
95
94
94
93
90
90
90
89
88
87
81
79
76
76
75
74
72
70
66
66
66
65
63
62
62
61
59
28
28
28
28
25
25
25
25
25
25
20
20
20
20
19
19
11
11
8
8
8
8
8
8
8
7
7
7
7
7
7
7
7
7
6
6
6
6
6
5
5
5
5
5
5
4
4
4
4
4
4
4
4
4
4
4
4
4
4
4
4
4
4
4
4
3
3
3
3
3
3
3
3
3
3
3
2
2
2
2
2
2
2
2
2
2
2
2
2
2
2
2
1
1
1
1
1
1
1
1
1
1
1
1
1
0
