2.8541914772433077
2.861955327718784
2.860902652996512
2.861757795813755
2.862854059886701
2.8952732481269283
2.8961140184834653
2.898610251505092
2.8831390389536535
2.896597310035636
2.9062282128747388
2.9006871439478474
2.8972867066437096
2.9046218487394957
2.914067241170045
2.9171013069890166
2.9169200223366634
2.920378968502949
2.9223984771573606
2.9162548931527947
2.919062763678847
2.9039049010492763
2.8986610480527424
2.9020079768945126
2.8918035068188144
2.8850946983031753
3.0415997664574514
3.044840067961882
3.039482539445151
3.0384557153671463
3.0575774035850083
3.0879233126424137
3.0862507956715466
3.090733279613215
3.0938545662286785
3.073489294866496
3.0685814771395075
3.058788598574822
3.0766652342071334
3.087607768004877
3.091951994352277
3.2249743924015273
3.230057585197772
3.230091883614089
3.23631599378882
3.243479972443657
3.239445054396646
3.2637173516906257
3.2749024440336827
3.278258151890822
3.2579008561462848
3.2536465036465034
3.255006530256857
3.2626976118398923
3.2577998613357986
3.3062302006335798
3.3374878993223622
3.3414454277286136
3.3414454277286136
3.347608939942565
3.352403907141951
3.3569218870843
3.3569218870843
3.3439874246790673
3.34709093329783
3.3424008661523885
3.3129445234708395
3.3161147902869756
3.3161147902869756
3.3164556962025316
3.3095238095238093
3.3111381989943625
3.301597146844472
3.3207070707070705
3.335314910025707
3.350237199411091
3.3746460103281692
3.3746460103281692
3.3758059043094675
3.38282060145178
3.371433796634967
3.3687546607009695
3.39460178673256
3.45219846712384
3.45219846712384
3.453797077587981
3.595197255574614
3.5975531229877658
3.6752461951656223
3.6895290352080474
3.6895290352080474
3.703340341041813
3.8585329341317367
3.8592463189418518
3.8599600599101347
3.8856267551697727
3.867067119352311
3.8941742383752005
4.055846960814564
4.106099935107073
4.115357643758766
4.116450368291828
4.155619596541786
4.150629163582532
4.137270238560814
4.081953642384106
4.057701256398325
4.057701256398325
4.057701256398325
4.087332053742802
4.024527337761881
4.028496042216359
4.028496042216359
4.081788440567067
4.133527696793003
3.002044989775051
3.002044989775051
3.01440329218107
3.0313807531380754
3.22
3.22
3.22
3.228643216080402
3.228643216080402
3.2564102564102564
2.6431095406360425
2.5863453815261046
2.5951417004048585
2.610655737704918
2.56
2.5669642857142856
1.910569105691057
1.956896551724138
1.8876404494382022
1.8313253012048192
1.794871794871795
1.7808219178082192
1.7808219178082192
1.7916666666666667
1.7916666666666667
1.8153846153846154
1.8275862068965518
1.8421052631578947
1.8571428571428572
1.8571428571428572
1.8727272727272728
1.8431372549019607
1.8431372549019607
1.875
1.588235294117647
1.588235294117647
1.59375
1.59375
1.59375
1.4444444444444444
1.4444444444444444
1.4615384615384615
1.4615384615384615
1.4615384615384615
1.380952380952381
1.2941176470588236
1.2941176470588236
1.2857142857142858
1.2857142857142858
1.2857142857142858
1.2857142857142858
1.2857142857142858
1.2857142857142858
1.2857142857142858
1.2857142857142858
1.2727272727272727
1.2727272727272727
1.2222222222222223
1.2222222222222223
1.2222222222222223
1.25
1.25
1.25
1.25
1.25
1.2
1.2
1.2
1.2
1.2
1.2
1.2
1.2
1.2
1.2
1.2
1.0
1.0
1.0
1.0
1.0
1.0
1.0
1.0
1.0
1.0
1.0
1.0
1.0
1.0
1.0
1.0
0.0
0.0
0.0
0.0
0.0
0.0
0.0
0.0
0.0
0.0
0.0
0.0
0.0
0.0
