197
195
191
190
188
187
184
183
182
181
180
178
177
176
175
174
171
170
169
168
167
166
165
164
163
162
161
160
159
156
155
153
152
151
149
148
147
145
144
141
140
139
138
137
136
133
132
131
129
128
127
126
125
124
123
122
121
119
118
116
115
113
112
111
109
103
100
99
98
97
96
95
94
90
87
86
85
83
82
80
79
78
74
70
69
65
62
61
37
34
33
33
32
32
23
23
23
23
23
23
23
23
22
22
22
21
20
20
19
19
19
19
19
19
19
19
17
17
17
17
17
13
13
12
11
10
8
8
7
7
7
7
7
5
4
3
3
3
2
2
1
1
1
1
1
1
1
1
1
1
1
1
1
1
1
1
1
1
1
1
1
1
1
1
1
1
1
1
1
1
1
1
1
1
1
1
1
1
1
1
1
1
1
1
1
1
1
1
1
1
1
1
1
1
1
1
1
1
1
1
1
1
1
1
1
1
1
1
1
1
1
1
1
1
1
1
1
1
1
1
0
