2.8550199347589706
2.888648134446676
2.9439180255619215
2.946720855138626
3.09161216946261
3.1012185308656166
3.101644600130618
3.1376950780312125
3.134421653113242
3.141805240228263
3.150338152261587
3.159200507614213
3.1683244561380994
3.179398974492114
3.1906512605042017
3.203413467924027
3.234768257461147
3.241302532702477
3.262127719495881
3.285571784823655
3.293841938275166
3.3122171945701355
3.305828470118933
3.3185523068870113
3.3900832702498107
3.4038933169834458
3.446418871731202
3.462795631334957
3.468093570973902
3.438455815491444
3.4359403784960643
3.4140954018048992
3.4124357746233565
3.4227850335333567
3.4434877186621953
3.4688102893890673
3.523002421307506
3.54982291566957
3.5467339609822384
3.644932671863926
3.6560542261476843
3.7373411127318192
3.7521141649048624
3.7571597125388823
3.760857733754218
3.786681844052362
3.8202935398127815
3.824102323398263
3.835168824882004
3.847695144437615
3.8597652347652347
3.860187769601624
3.8650251385845045
3.922180007860605
3.9539280958721705
3.972116946399567
4.012935186459337
4.025611838360843
4.030390738060781
4.0251610004493035
4.057147211216092
4.095659037095501
4.170817933472602
4.196335078534031
4.21279484133718
4.265007598784194
4.361144699717856
4.381040509973268
4.399160545645331
4.388817480719794
4.407042869641295
4.414116595934778
4.389687428701802
4.349502487562189
4.431309904153355
4.418528610354223
4.42510460251046
4.433586892919836
4.420563549160671
4.394330708661418
4.394702842377261
4.370112657388999
4.216991541007723
4.341413311421529
4.365327695560254
4.327619047619048
4.3404811715481175
5.046461372231226
3.326797385620915
3.2985257985257985
3.2996158770806656
3.3039473684210527
3.3997252747252746
3.422316384180791
3.109704641350211
3.1279317697228146
3.1222222222222222
2.889855072463768
2.9035087719298245
2.9136904761904763
2.927899686520376
2.9369085173501577
2.8813559322033897
2.8907849829351537
2.8972602739726026
2.763837638376384
2.681274900398406
2.6975806451612905
2.703056768558952
2.710526315789474
2.726457399103139
2.7616822429906542
2.7699530516431925
2.7783018867924527
2.786729857819905
2.795238095238095
2.737142857142857
2.7471264367816093
2.7664670658682633
2.792682926829268
2.810457516339869
2.46875
2.4842105263157896
2.4698795180722892
2.4444444444444446
2.403225806451613
2.1333333333333333
2.1463414634146343
2.0
2.0344827586206895
2.0714285714285716
2.111111111111111
2.1538461538461537
1.6
1.3636363636363635
1.25
1.2857142857142858
1.2
1.0
1.0
0.0
0.0
0.0
0.0
0.0
0.0
0.0
0.0
0.0
0.0
0.0
0.0
0.0
0.0
0.0
0.0
0.0
0.0
0.0
0.0
0.0
0.0
0.0
0.0
0.0
0.0
0.0
0.0
0.0
0.0
0.0
0.0
0.0
0.0
0.0
0.0
0.0
0.0
0.0
0.0
0.0
0.0
0.0
0.0
0.0
0.0
0.0
0.0
0.0
0.0
0.0
0.0
0.0
0.0
0.0
0.0
0.0
0.0
0.0
0.0
0.0
0.0
0.0
0.0
0.0
0.0
0.0
0.0
0.0
0.0
0.0
0.0
0.0
0.0
0.0
0.0
0.0
0.0
0.0
0.0
0.0
