2.951845906902087
2.9935524785963428
3.145994065281899
3.190457632780314
3.3066449108197826
3.4518705585246963
3.5395119634269427
3.564521077498926
3.589625860892226
3.5781941859718924
3.5911239495798317
3.700159383716297
3.717164076468161
3.7419287503478986
3.768429205097515
3.8032062700391878
3.820377848283819
3.895197781345789
3.911575681465613
3.9272414566664176
3.985465556396669
4.048589822194972
4.097307364010243
4.22024043372358
4.306094844048377
4.335374697824335
4.355451062347614
4.376835236541599
4.413007532610693
4.582271311243274
4.6812787136294025
4.694293478260869
4.744186046511628
4.8315448471350475
4.83300343785811
4.907014157014157
5.7233183856502245
6.0178673039717765
6.404050029779631
6.473505927897411
6.795650036864094
7.096492323055799
7.081576535288726
7.1722118711738085
7.29927107688076
7.281143344709897
7.235030373155915
7.550242754156246
7.3991014601272935
7.992216384510606
7.8793522267206475
7.971459934138309
6.497957516339869
6.236598890942699
6.45045045045045
6.515414258188825
6.461854460093897
3.2717219589257502
3.2725779967159276
3.121268656716418
3.08502024291498
2.986111111111111
2.5162241887905603
2.3214285714285716
2.24609375
2.1221719457013575
2.0
2.0157068062827226
1.9830508474576272
1.9757575757575758
1.9256756756756757
1.7698412698412698
1.7105263157894737
1.724770642201835
1.5543478260869565
1.5666666666666667
1.5747126436781609
1.5853658536585367
1.52
1.5277777777777777
1.536231884057971
1.5454545454545454
1.5555555555555556
1.5666666666666667
1.5789473684210527
1.5576923076923077
1.5714285714285714
1.5869565217391304
1.2285714285714286
1.21875
1.206896551724138
1.0833333333333333
1.0476190476190477
1.0
1.0
1.0
1.0
1.0
1.0
1.0
1.0
1.0
1.0
1.0
1.0
1.0
1.0
1.0
1.0
1.0
1.0
0.0
0.0
0.0
0.0
0.0
0.0
0.0
0.0
0.0
0.0
0.0
0.0
0.0
0.0
0.0
0.0
0.0
0.0
0.0
0.0
0.0
0.0
0.0
0.0
0.0
0.0
0.0
0.0
0.0
0.0
0.0
0.0
0.0
0.0
0.0
0.0
0.0
0.0
0.0
0.0
0.0
0.0
0.0
0.0
0.0
0.0
0.0
0.0
0.0
0.0
0.0
0.0
0.0
0.0
0.0
0.0
0.0
0.0
0.0
0.0
0.0
0.0
0.0
0.0
0.0
0.0
0.0
0.0
0.0
0.0
0.0
0.0
0.0
0.0
0.0
0.0
0.0
0.0
0.0
0.0
0.0
0.0
0.0
0.0
0.0
0.0
0.0
0.0
0.0
0.0
0.0
0.0
0.0
0.0
0.0
0.0
0.0
0.0
0.0
0.0
0.0
0.0
0.0
0.0
0.0
0.0
0.0
0.0
0.0
0.0
