2.8578677574690623
2.8562012868127846
2.841295846105063
2.841295846105063
2.8422148654421187
2.844024817912058
2.8484980646568174
2.842717055971794
2.837100545596259
2.8404321161312103
2.8340631219789594
2.8403264743073917
2.8437717871252612
2.831324585881375
2.8350540216086433
2.8288627260589876
2.8288627260589876
2.831625452537277
2.8313581932121363
2.83046806374702
2.8174292498235256
2.8174292498235256
2.8159278250146036
2.822282037815126
2.8161110373223535
2.8208263352368155
2.818459865425134
2.8207261724659607
2.8316866128583356
2.8244032950785045
2.817598859992875
2.821675800403807
2.820391183768793
2.8227081332643866
2.82965677110596
2.836563209689629
2.856069895769467
2.845425622720571
2.835852959898154
2.833440773569702
2.843222068064964
2.845829544515169
2.844749623178697
2.843060739735324
2.846841426729695
2.856570582600366
2.856732276606863
2.856235107227959
2.8459934735315446
2.872840867328188
2.872962652510012
2.875460296478142
2.8715783343040187
2.875676739836598
2.97214734950584
2.9692183070068854
2.972884141331142
2.9798895488173387
2.9831906121154455
2.990667238789959
2.985645396433778
2.992372495446266
2.992372495446266
3.0057790106333795
3.008097641121934
2.9995232987724942
2.987049140643912
2.99409884435702
3.0056200824278756
3.001395761959142
2.9892557651991614
2.9908110267678785
2.9894409097062407
2.985273878337462
2.9885250489784494
3.0066884872634128
3.0027500361846866
2.9935217903415783
3.0135650053345526
3.0147956070774864
3.0232846941943494
3.0267009811806336
3.0267009811806336
3.0131754503002
2.9994808790448175
3.0089915373765868
3.0089915373765868
3.007905138339921
3.007905138339921
3.0137337483977293
3.0137337483977293
3.0137337483977293
3.0112002986746313
3.0112002986746313
3.013323182337267
3.014945652173913
2.991718844677843
2.997320692497939
2.9951619688683215
2.9929138930642045
2.991229993422495
3.085315645013724
3.319082875567232
3.319091796875
3.3242636045931104
3.3242636045931104
3.3704365585907583
3.375200427578835
3.375200427578835
3.401258205689278
3.3874390593633494
3.3874390593633494
3.423325499412456
3.3946417820590007
3.3640851589015734
3.3366023410313193
3.3366023410313193
3.3366023410313193
3.3366023410313193
3.3366023410313193
3.3487994808565866
3.3501997336884153
3.3525387108390348
3.3923954372623575
3.3923954372623575
3.418686473807662
3.418686473807662
3.418686473807662
3.388821873743466
3.388821873743466
3.4000827472072817
3.4000827472072817
3.4000827472072817
3.3794718909710393
3.3046110852352117
3.275696445725264
3.2953419226957386
3.3207161125319695
3.3264659270998416
3.308406113537118
3.301354401805869
3.529305135951662
3.5826032540675845
3.5826032540675845
3.562905317769131
3.3586880669923236
3.3659420289855073
3.3659420289855073
3.3659420289855073
3.3637048192771086
3.3732681336593315
3.5592920353982302
3.561558901682905
3.569316081330869
3.5953582240161452
3.6670353982300883
3.6473317865429236
3.6473317865429236
3.6473317865429236
3.6473317865429236
3.6473317865429236
3.6473317865429236
3.6211936662606576
3.709346991037132
3.813627254509018
3.7585470085470085
3.7585470085470085
3.7585470085470085
3.7442922374429224
3.7442922374429224
3.745406824146982
3.0614754098360657
3.0614754098360657
3.0614754098360657
3.091666666666667
3.269406392694064
2.8098159509202456
2.8098159509202456
2.8098159509202456
2.5258620689655173
2.5258620689655173
2.5258620689655173
2.5391304347826087
2.4455445544554455
2.25
2.25
2.223684210526316
2.223684210526316
2.230769230769231
1.9782608695652173
1.868421052631579
1.8918918918918919
1.8918918918918919
1.8918918918918919
1.9333333333333333
1.9333333333333333
1.9655172413793103
1.9655172413793103
1.9655172413793103
1.826086956521739
1.25
1.25
1.25
1.2727272727272727
1.25
1.1666666666666667
1.1666666666666667
1.1666666666666667
1.0
1.0
1.0
1.0
1.0
1.0
1.0
1.0
1.0
1.0
0.0
0.0
0.0
