197
196
195
194
193
191
189
189
188
186
185
185
184
183
182
181
181
180
179
178
177
176
175
174
174
172
171
170
169
168
166
164
163
162
160
159
157
156
155
154
153
153
152
150
150
150
149
149
148
147
146
145
143
142
140
140
140
139
138
137
136
135
135
134
133
132
131
130
129
128
127
126
125
125
124
123
123
122
121
120
119
119
118
117
117
116
115
114
113
112
111
110
109
108
106
105
103
102
101
100
100
99
98
97
96
95
94
93
93
91
90
89
88
87
86
85
84
83
82
82
80
79
79
79
78
77
77
77
76
73
72
71
70
69
68
67
66
65
65
64
62
59
58
57
56
55
55
55
54
54
54
49
49
46
45
44
43
43
42
39
38
37
36
36
36
36
34
34
34
32
32
31
31
30
29
28
27
26
23
22
21
21
20
18
18
16
15
15
15
15
14
13
13
5
5
5
4
4
3
3
3
2
2
2
2
2
2
2
2
2
2
1
1
1
1
1
1
1
1
1
0
