5254 71
5254 68
5254 109
5254 166
5254 457
5254 789
5254 896
5254 1042
5254 1111
5254 1603
5254 1762
5254 1937
5254 2851
5254 3439
5254 3456
5254 3462
5254 4036
5254 4795
5254 5196
5254 5714
5254 7144
5254 7890
5254 5317
5254 5940
5254 5999
5254 6327
5254 6488
5254 6653
182 143
182 180
182 183
182 243
182 310
182 427
182 590
182 982
182 1007
182 1167
182 1357
182 3192
182 3251
182 4037
182 319
371 319
371 310
371 590
371 704
371 789
371 897
371 1196
371 1468
371 1487
371 1956
371 3456
371 7809
590 143
590 319
261 166
261 609
261 260
273 40
273 166
310 171
310 243
310 324
310 704
310 763
310 789
310 817
310 1111
310 1167
310 1196
310 1487
310 1514
310 1603
310 1619
310 1901
310 2079
310 2097
310 2297
310 3251
310 3473
310 3489
310 319
243 40
243 166
243 789
243 967
243 1064
341 13
341 171
341 324
341 1007
171 143
171 982
171 1196
171 1382
171 1389
171 1487
171 1619
171 166
171 789
171 842
171 1167
171 1279
171 1492
183 143
183 180
319 71
319 704
319 789
319 817
319 826
319 967
319 1167
319 1382
319 1514
319 1680
319 3192
319 5806
427 71
704 143
704 324
704 789
704 1007
704 1514
704 1595
704 1603
704 3473
789 71
789 126
789 166
789 324
789 457
789 583
789 817
789 1007
789 1167
789 1468
789 1564
789 1565
789 1592
789 1680
789 1956
789 2062
789 2193
789 2273
789 3027
789 3103
789 3456
789 3458
789 4037
789 4530
789 4706
789 4797
789 4808
789 4811
789 4820
789 4824
789 4977
789 5327
789 5804
789 6246
789 6262
789 967
789 1001
826 457
826 1167
826 1230
826 1279
826 1357
826 1487
826 1492
826 1507
826 1514
826 1534
826 1565
826 1571
826 1595
826 1596
826 1619
826 1680
826 2979
826 3021
826 3117
826 3251
826 3338
826 3473
826 3489
897 166
897 896
1007 364
1167 457
1167 982
1167 1230
1167 1270
1167 1357
1167 1487
1167 1492
1167 1514
1167 1603
1167 1859
1167 1956
1167 2877
1167 1279
1221 715
1221 1492
1221 1571
1221 1603
1221 2097
1221 3021
1221 3251
1442 1299
1442 1487
1468 109
1468 1279
1468 1357
1468 4808
1487 457
1487 763
1487 1279
1487 1534
1487 1619
1487 1648
1487 1901
1487 3021
1487 3265
1487 3338
1487 3473
1487 3489
1487 1492
1507 457
1507 1279
1507 2062
1514 457
1514 1230
1514 1357
1514 1381
1514 1522
1514 1571
1619 1279
1619 1357
1619 1492
1648 457
1648 872
1648 1645
1648 2932
1648 4036
1648 4824
1648 4909
1648 5180
1648 5787
1783 457
1783 1492
1783 1564
1783 2062
1783 3562
1783 4811
4037 71
4037 68
4037 109
4037 143
4037 166
4037 457
4037 896
4037 967
4037 1492
4037 1647
4037 1859
4037 2384
4037 2851
4037 3402
4037 3454
4037 3462
4037 4036
4037 2014
4037 4592
4037 4624
4037 4905
4037 4908
4037 4909
4037 4921
4037 5173
4037 4795
4037 5378
4037 5806
4037 5999
4037 6360
4037 6327
4037 7124
4037 7131
4037 7139
4037 7198
4037 7564
4037 7743
6965 6609
7 105
105 92
715 305
817 143
817 324
817 763
982 4058
763 457
763 2097
763 6262
763 1230
763 1492
763 1522
1111 457
1111 1196
1111 2060
1111 2062
1111 3192
1196 3346
1230 457
1230 1564
1230 3117
1230 1357
1230 1492
1279 143
1279 166
1279 872
1279 1357
1279 1595
1279 2062
1279 1492
1279 1571
1279 1647
1279 1674
1382 1777
1382 1381
1492 457
1492 1534
1492 1595
1492 1603
1492 1901
1492 2384
1492 3117
1492 3338
1492 4811
1492 2062
1492 2193
1534 457
1534 1522
1565 2062
1592 68
1592 1042
1592 1522
1592 3117
1592 2435
1680 68
1680 457
1680 841
1680 1064
1680 1207
1680 4818
1859 71
1859 457
1859 583
1859 842
1859 1357
1901 896
1956 71
1956 180
1956 166
1956 1339
1956 1357
1956 1522
1956 1571
1956 2232
1956 2297
1956 2435
1956 2567
2014 841
2014 3454
2014 3456
2014 3462
2014 3815
2062 172
2062 1522
2062 1766
2062 1869
2062 2079
2062 2097
2062 2193
2062 2273
2062 2297
2062 2877
2062 3117
2062 3192
2062 3265
2193 2297
2273 109
2273 172
2273 457
2384 3192
2384 3238
2384 4797
2384 5162
2384 3454
2384 3567
2384 4036
2384 4039
2435 457
2435 1603
2435 1766
2435 1564
2435 2781
2517 180
2517 457
2517 1522
2517 1766
2517 3402
2517 3454
2932 457
2932 1777
2932 2877
2932 3192
2932 3439
2932 3454
2932 4272
2932 4463
3117 68
3117 172
3117 457
3117 1357
3117 1596
3117 2368
3117 3112
3117 3454
3117 3630
3192 68
3192 457
3192 1357
3192 1381
3192 1937
3192 2297
3192 2645
3192 2687
3192 3439
3192 3454
3192 3489
3192 4820
3192 3456
3192 3462
3192 3598
3439 68
3439 457
3439 2645
3439 3402
3439 3445
3439 1571
3439 3456
3439 3473
3439 3567
3439 3885
3439 4403
3439 4510
3439 3454
3439 3630
3454 68
3454 457
3454 2297
3454 3346
3454 3402
3454 4058
3454 4463
3454 4510
3454 4808
3454 4811
3454 3456
3454 3458
3454 3630
3454 4565
3454 4566
3458 3456
3458 896
3458 3520
3458 4041
3458 4055
3458 4795
3458 5804
3458 4036
3458 4989
3562 71
3562 166
3562 457
3562 1596
3562 2297
3562 3630
3562 3729
3562 4036
3562 4039
4055 68
4055 842
4055 1596
4055 2297
4055 4039
4463 166
4463 1522
4463 3402
4463 3456
4510 457
4510 1522
4510 2297
4510 3456
4510 3462
4510 3630
4706 2297
4706 3456
4706 4824
4808 2613
4808 3027
4808 3402
4808 4036
4808 4592
4811 457
4811 2297
4811 3462
4811 3729
4820 457
4820 3402
4820 4818
896 4530
896 5180
896 5589
896 5714
896 5787
896 5997
896 5999
2877 68
2877 166
2877 457
2877 841
2877 1042
3027 71
3027 3456
3027 6554
3027 3402
3027 4036
3027 4974
3027 5440
3456 457
3456 967
3456 1937
3456 2297
3456 3238
3456 3103
3456 4041
3456 4795
3456 5684
3456 5714
3456 6098
3456 8192
3456 4036
3456 4824
3456 5544
5327 5317
5714 71
5714 109
5714 457
5714 1762
5714 2297
5714 5173
5714 2851
5714 4041
5714 5684
5714 5804
5714 6327
5714 6798
6262 68
6262 260
6262 4989
1357 71
1357 172
1357 457
1357 1050
1357 1571
1357 1603
1357 3265
1357 5950
1357 2297
2926 841
2926 2541
3473 68
3473 172
3473 1522
3473 1571
3473 2297
3473 3196
5162 841
5162 4693
5162 4818
7144 6360
7144 6327
7144 7146
2297 172
2297 1522
2297 1571
2297 3265
2297 3338
2297 3489
2297 6914
2297 3383
3489 68
3489 172
3489 3402
5804 109
5804 457
5804 5196
5804 6914
5804 6146
5804 6360
4795 68
4795 109
4795 457
4795 4041
4795 4824
4795 5171
4795 5950
4795 6914
4795 7809
4795 5180
4795 5806
1564 2711
1603 199
1603 1469
1603 1571
6503 457
6503 6327
6503 6554
6503 6755
6503 6914
6503 7281
5378 457
5378 8051
5378 8233
6246 5589
6246 5999
3238 68
3238 4824
3238 6327
3238 7809
3238 5196
3238 6016
3238 7131
3238 7564
3238 7614
3238 7649
3238 7663
8128 4036
8128 5173
8128 5806
8128 7564
6094 71
6094 457
6094 5834
6094 6098
6327 71
6327 457
6327 1522
6327 5171
6327 5173
6327 5692
6327 5806
6327 6360
6327 2851
6327 3346
6327 5199
6327 6488
6327 6609
6327 6848
6327 6864
6327 7160
6914 71
6914 68
6914 109
6914 583
6914 2192
6914 6016
6914 2851
6914 3346
6914 3885
6914 5806
6914 7131
6914 7442
6914 7890
6914 7614
6914 7743
6914 7372
6914 7894
71 7809
7809 109
7809 5199
7809 5472
7809 5806
7809 5820
7809 7131
7809 7281
7809 7614
5684 457
7649 109
7649 457
7649 5199
1596 457
1596 3265
2851 457
2851 967
2851 7139
2851 7252
68 3021
68 3145
68 4584
68 5806
68 6098
68 8051
3021 2368
3021 7890
3021 3346
3145 2234
5806 457
5806 5173
5806 3885
5806 7583
6098 2613
6098 4041
6098 4824
6098 5171
6098 5787
6098 5940
8051 457
8051 5173
8051 7564
109 6951
6951 967
1777 1522
1777 2613
3251 172
3251 841
3251 1050
3251 3250
3520 1522
4530 457
4530 4036
4530 4041
4977 583
2687 457
3265 180
3265 2692
3265 3264
3567 180
3346 1522
3346 5173
3346 6360
5950 457
7442 199
7442 6360
172 1571
172 3338
1571 3196
3338 2692
2234 2232
4776 3462
4041 457
4041 3103
4041 4976
4041 5171
4041 5180
4041 5787
4041 5978
967 7131
4403 4148
5199 457
5199 5173
7890 2196
7890 5940
7131 1647
7131 2192
7131 7451
7131 7457
7707 5820
7707 7198
7707 7614
457 4797
457 4824
457 4986
457 5663
457 6554
457 7034
457 7389
4797 3445
4797 4036
4797 4824
4797 5334
4824 4986
4824 4976
4986 4036
5663 5662
6554 6165
7389 5173
6892 5692
8192 5940
3103 3402
3103 4036
3885 4036
3885 5173
3885 5196
6755 1762
2781 2232
6059 6057
2645 4218
7146 5173
6041 4976
