3 122
3 200
13 223
36 284
47 301
77 231
77 294
122 123
122 200
122 284
122 345
123 200
159 284
159 345
160 260
200 223
353 517
353 561
353 1397
517 463
517 507
517 561
897 1256
897 1458
897 1513
897 1535
897 1842
903 1097
903 1186
903 1452
908 1518
919 1099
932 1107
932 1256
932 1330
932 1535
932 1665
932 1675
932 1685
932 1722
940 1338
940 1418
958 1097
958 1186
958 1452
971 984
971 1204
971 1273
971 1649
984 1099
984 1166
984 1204
984 1273
984 1649
1000 1304
1000 1474
1002 1890
1019 1204
1019 1462
1068 1256
1068 1665
1068 1823
1069 1868
1088 1178
1088 1641
1097 1186
1097 1452
1097 1802
1099 1166
1099 1204
1099 1273
1099 1907
1107 1130
1107 1256
1107 1330
1107 1407
1107 1458
1107 1471
1107 1559
1107 1610
1107 1623
1107 1652
1107 1665
1107 1746
1107 1789
1107 1823
1107 1842
1120 1204
1120 1273
1120 1462
1120 1781
1130 1256
1130 1458
1130 1471
1130 1513
1130 1610
1130 1746
1130 1804
1130 1868
1142 1766
1166 1273
1166 1338
1166 1525
1178 1641
1185 1471
1185 1559
1185 1610
1185 1623
1185 1652
1185 1675
1185 1685
1185 1746
1185 1761
1185 1789
1185 1804
1185 1823
1185 1868
1188 1260
1188 1304
1188 1338
1195 1513
1204 1273
1204 1462
1204 1649
1210 1766
1256 1330
1256 1458
1256 1471
1256 1559
1256 1610
1256 1652
1256 1665
1256 1722
1256 1746
1256 1789
1256 1804
1256 1868
1260 1304
1260 1338
1260 1525
1273 1412
1273 1649
1290 1407
1290 1559
1290 1746
1290 1867
1330 1401
1330 1471
1330 1535
1330 1559
1330 1610
1330 1623
1330 1665
1330 1675
1330 1685
1330 1722
1330 1746
1330 1804
1330 1823
1330 1842
1330 1868
1338 1525
1401 1823
1407 1685
1412 1781
1418 1525
1438 1462
1452 1802
1458 1665
1471 1556
1471 1559
1471 1610
1471 1623
1471 1652
1471 1675
1471 1746
1471 1761
1471 1789
1471 1804
1471 1823
1471 1842
1471 1868
1481 1749
1513 1535
1513 1842
1525 1781
1535 1559
1535 1675
1535 1685
1535 1804
1535 1842
1535 1868
1556 1610
1556 1789
1559 1610
1559 1665
1559 1675
1559 1746
1559 1761
1559 1789
1559 1804
1559 1823
1559 1842
1559 1868
1575 1761
1577 2002
1577 2042
1577 2133
1577 2163
1577 2183
1577 2224
1577 2247
1577 2250
1577 2294
1577 2351
1577 2385
1577 2419
1577 2465
1577 2544
1610 1623
1610 1652
1610 1665
1610 1675
1610 1685
1610 1746
1610 1761
1610 1789
1610 1804
1610 1842
1610 1868
1623 1652
1623 1746
1623 1804
1623 1867
1652 1665
1652 1746
1652 1789
1652 1804
1652 1867
1665 1746
1665 1789
1665 1804
1665 1842
1665 1867
1665 1868
1675 1685
1675 1761
1675 1804
1675 1867
1685 1722
1685 1746
1685 1804
1722 1868
1746 1761
1746 1789
1746 1804
1746 1823
1746 1867
1746 1868
1761 1804
1761 1823
1761 1867
1761 1868
1763 1766
1789 1804
1789 1867
1804 1823
1804 1842
1804 1868
1842 1868
1976 2001
2001 2116
2001 2435
2001 2494
2001 2636
2042 2057
2042 2133
2042 2183
2042 2224
2042 2250
2042 2254
2042 2351
2042 2385
2042 2544
2116 1958
2116 2312
2116 2351
2116 2636
2133 2141
2133 2175
2133 2224
2133 2242
2133 2247
2133 2250
2133 2254
2133 2294
2133 2322
2133 2351
2133 2367
2133 2419
2133 2474
2183 2002
2183 2163
2183 2224
2183 2247
2183 2294
2183 2351
2183 2367
2183 2385
2183 2465
2224 2163
2224 2250
2224 2254
2224 2294
2224 2351
2224 2367
2224 2419
2224 2465
2224 2635
2247 2002
2247 2254
2247 2294
2247 2419
2250 2002
2250 2294
2250 2312
2250 2419
2254 2057
2254 2385
2254 2419
2494 1958
2494 2435
2635 2367
463 507
507 561
614 676
583 647
592 636
592 684
592 685
636 684
636 685
3861 3859
705 823
705 827
705 843
756 827
823 827
823 843
3456 3448
3456 3596
3456 3703
3456 3962
3057 2964
3057 3396
3962 3563
3962 3596
3295 2951
2813 2758
2813 2951
2813 3214
3011 2685
3011 3081
3011 3386
3011 3396
2351 2002
2351 2465
2385 2057
2964 2758
2964 3157
3386 2793
3386 2836
3386 3353
3386 3396
3101 2742
3101 2793
3101 2844
3101 3102
3101 3214
3101 3239
3101 3247
3101 3353
3101 3381
3101 3419
2002 2142
2002 2294
2002 2419
2163 2242
2294 2419
2294 2544
2419 2141
2419 2322
2999 2675
2676 2694
2676 2897
2676 2966
2676 3096
2676 3195
2685 3081
2685 3279
2694 2897
2694 2940
2694 2966
2694 3096
2694 3195
2694 3388
2718 2758
2718 3081
2718 3396
2732 3372
2742 2793
2742 3102
2742 3239
2742 3247
2742 3396
2742 3419
2758 2951
2758 3081
2793 3214
2793 3239
2793 3247
2793 3353
2793 3396
2809 3388
2810 2940
2810 3220
2836 2840
2836 3157
2836 3214
2840 3396
2844 2951
2844 3274
2897 2966
2897 3054
2897 3195
2931 3042
2931 3054
2940 2966
2940 3054
2940 3096
2940 3195
2940 3220
2951 3203
2951 3214
2951 3241
2951 3274
2951 3353
2952 3045
2966 3054
2966 3096
2966 3195
3042 3095
3054 3096
3054 3195
3096 3195
3102 3239
3102 3247
3192 3274
3192 3353
3214 3279
3214 3419
3239 3247
3239 3381
3239 3419
3247 3381
3247 3419
3274 3353
3274 3396
3279 3353
3381 3419
1986 1989
1986 2077
1986 2142
1986 2356
1986 2410
1986 2418
1986 2433
1986 2495
1986 2536
1986 2559
1989 2005
1989 2077
1989 2142
1989 2356
1989 2410
1997 2005
1997 2356
1997 2410
1997 2495
2005 2077
2005 2142
2005 2287
2005 2356
2005 2410
2005 2418
2005 2433
2005 2495
2005 2559
2041 2634
2077 2142
2077 2356
2077 2410
2077 2418
2077 2495
2089 2614
2141 2242
2142 2287
2142 2356
2142 2410
2142 2433
2142 2495
2142 2536
2142 2559
2287 2410
2287 2418
2287 2495
2322 2566
2356 2410
2356 2418
2356 2433
2356 2559
2367 2566
2410 2433
2410 2495
2410 2536
2410 2559
2418 2433
2418 2495
2433 2495
2433 2536
2433 2559
2439 2450
2450 2614
2495 2559
3448 3596
3518 3528
3518 3596
3519 3975
3528 3596
3528 3926
3552 3573
3568 3623
3568 3782
3568 3906
3568 3973
3569 3714
3569 3833
3569 3906
3574 3596
3574 3731
3596 3658
3596 3731
3596 3926
3623 3782
3623 3906
3634 3761
3658 3731
3690 3782
3696 3967
3703 3926
3714 3833
3714 3906
3718 3833
3718 3906
3731 3926
3782 3906
3833 3906
3833 3973
3906 3973
3926 3934
