34 109
34 242
34 282
34 314
34 297
34 88
34 583
34 802
34 538
34 155
34 1130
42 445
42 632
42 132
42 794
42 961
42 543
42 817
42 296
42 1049
42 995
42 142
42 704
42 242
42 1308
42 495
42 1340
42 1097
42 1334
42 1255
42 1356
42 1358
42 333
42 538
42 716
42 1477
42 1482
42 669
42 1526
42 919
42 1559
42 1582
42 1690
42 344
42 1744
47 91
47 567
47 814
51 215
51 267
51 307
51 314
51 52
51 429
51 120
51 523
51 525
51 913
51 919
51 969
51 1436
52 103
52 95
52 201
52 681
52 309
52 733
52 448
52 762
52 357
52 652
66 103
66 282
73 697
73 391
73 617
73 463
73 372
73 991
73 142
73 652
73 525
84 391
84 523
85 103
85 733
85 1326
85 1013
85 1556
88 220
88 297
88 913
88 701
88 367
89 523
95 109
95 220
95 143
95 314
95 371
95 1393
95 1251
95 525
95 919
95 1238
95 1648
95 1255
95 960
95 1452
95 1789
95 697
95 1839
95 924
95 1767
103 117
103 109
103 132
103 215
103 166
103 256
103 267
103 134
103 314
103 378
103 371
103 344
103 538
103 525
103 391
103 372
103 143
103 675
103 688
103 617
103 282
103 774
103 817
103 841
103 701
103 835
103 220
103 495
103 734
103 969
103 795
103 445
103 439
103 1060
103 566
103 1097
103 652
103 1255
103 1244
103 1130
103 1216
103 1334
103 429
103 1308
103 1554
103 697
103 1468
103 864
103 1497
103 919
103 1343
103 1238
103 1643
109 282
109 991
109 681
115 652
120 357
132 1014
132 333
132 398
132 1339
132 162
134 398
134 357
142 762
142 1121
142 1277
142 617
142 792
142 1575
143 201
143 681
143 442
143 1094
143 762
143 357
143 1339
143 1556
143 547
143 1619
155 525
164 179
164 398
181 495
181 432
181 355
181 969
181 1136
201 617
201 1675
215 652
220 373
220 505
220 520
220 372
220 1619
223 225
225 1426
242 372
242 429
242 297
242 913
242 256
256 267
256 282
267 871
292 520
296 355
296 835
296 445
296 516
296 1244
296 1138
296 1339
296 1565
297 372
297 422
297 727
297 704
297 733
297 884
297 448
297 814
297 547
297 778
297 1339
297 795
297 1619
297 871
307 341
307 309
309 429
309 391
309 586
309 913
309 1182
309 1136
309 1131
309 1358
309 1421
309 520
309 1497
314 333
314 372
314 448
314 357
314 1449
332 333
332 919
332 1393
333 336
338 1244
341 697
341 863
341 1132
341 1136
341 701
341 1255
341 634
341 1338
341 1138
350 617
350 632
350 802
350 439
350 1353
354 398
355 372
357 378
357 429
357 501
357 538
357 659
357 817
357 1182
357 835
357 523
357 701
357 802
357 792
357 525
357 1136
357 1582
357 1304
357 617
357 1644
357 774
357 1565
357 1426
357 1343
357 1554
357 1248
357 1244
361 1436
361 864
361 697
361 463
361 913
361 1255
361 538
366 1349
367 1248
371 372
371 448
371 871
372 429
372 461
372 495
372 538
372 391
372 445
372 652
372 448
372 835
372 701
372 969
372 473
372 378
372 919
372 1244
372 1352
372 1014
372 864
372 1358
372 1529
372 792
372 878
372 1343
373 1338
378 398
378 586
378 1539
391 422
391 667
391 871
398 463
398 1013
398 1136
398 701
398 1526
398 697
398 1644
401 776
422 697
422 835
422 1060
429 871
429 716
429 1449
429 1700
439 795
439 778
439 1449
442 1565
445 871
448 969
448 835
448 817
448 495
453 516
463 871
495 585
495 864
495 871
495 884
495 1049
495 586
495 652
495 1367
495 794
495 1213
516 617
517 586
517 709
517 1065
517 778
518 525
518 1339
518 1436
520 1644
523 1049
523 1032
523 870
523 1539
523 1667
523 585
523 1149
523 612
523 1182
523 1822
523 1827
523 1343
525 652
525 547
538 586
538 567
538 1065
543 1339
547 1443
567 763
567 1060
575 1468
583 739
583 795
583 821
585 652
586 774
586 969
586 1065
586 1136
586 1097
617 704
617 681
617 805
617 734
617 688
617 854
617 701
617 1290
617 1539
617 1667
617 1878
622 623
627 681
627 723
627 737
627 762
627 779
652 659
652 1016
652 1629
652 1130
652 1728
652 1565
652 1644
659 681
659 1539
667 1130
681 762
681 795
681 802
681 1338
681 1449
681 1789
681 1839
689 709
697 1070
697 870
697 779
697 1349
697 1013
697 808
697 1472
701 858
701 1036
704 776
704 813
704 835
704 841
704 919
704 924
704 1060
704 1131
704 1234
704 1248
704 1255
704 1244
704 1138
704 1393
704 1400
704 1468
704 734
704 1565
727 734
733 835
733 1255
733 1244
733 1376
733 1426
733 1338
733 919
734 871
734 1539
734 1667
739 778
739 1136
739 969
762 802
762 1497
762 1593
762 1136
779 969
779 1605
779 1308
792 841
792 1036
792 1274
792 1472
795 913
802 1648
802 1619
805 821
808 845
814 913
814 871
817 1248
817 1472
817 1449
835 1063
841 963
870 919
871 969
871 1097
871 1351
871 1376
871 1138
871 1358
871 1060
878 1255
878 1338
878 1426
878 1665
878 1644
882 1089
884 913
884 1097
919 1248
919 1449
919 1393
919 1514
961 969
963 1648
969 1667
976 985
984 1255
991 1094
995 1138
995 1644
1032 1213
1036 1338
1049 1665
1060 1187
1089 1367
1130 1526
1131 1187
1131 1539
1132 1136
1132 1156
1138 1379
1138 1367
1219 1241
1234 1339
1238 1472
1255 1334
1255 1349
1255 1339
1255 1539
1274 1358
1304 1644
1308 1339
1326 1426
1326 1340
1338 1539
1339 1468
1339 1554
1343 1619
1356 1421
1379 1565
1400 1556
1421 1449
1426 1699
1436 1734
1436 1667
1436 1757
1443 1539
1452 1539
1468 1554
1472 1565
1472 1656
1472 1748
1472 1789
1511 1619
1514 1652
1526 1582
1539 1582
1539 1620
1539 1644
1556 1582
1619 1648
1619 1629
1619 1644
1700 1839
1839 1844
1844 1845
