1 74
1 1
1 218
1 215
1 225
1 254
1 155
1 85
1 548
1 221
1 127
1 121
1 616
1 232
2 4
2 2
2 102
2 252
2 138
2 6
2 174
2 137
2 323
2 238
2 160
2 738
2 832
2 803
2 89
2 300
2 62
2 971
2 651
2 405
2 1001
4 62
4 4
4 174
4 6
4 160
4 301
4 137
4 121
4 832
4 803
4 712
4 738
4 252
4 102
4 89
4 138
4 971
4 329
4 323
4 405
4 1001
6 6
6 438
6 473
6 376
6 375
6 515
6 139
6 102
6 137
6 237
6 440
6 426
6 89
6 149
6 299
6 204
6 738
6 949
6 252
6 232
6 95
6 323
6 1001
8 9
8 8
8 573
8 504
8 570
8 499
8 441
8 160
8 62
8 661
8 971
8 950
8 213
8 301
9 19
9 213
9 499
9 529
9 573
9 9
9 266
9 661
9 971
19 62
19 161
19 473
19 441
19 19
19 570
19 661
19 550
19 331
19 504
19 366
19 288
19 155
19 499
19 121
19 160
19 49
19 573
19 405
19 420
22 35
22 22
22 137
22 173
22 127
22 301
22 155
26 32
26 251
26 35
26 370
26 545
26 590
26 438
26 442
26 971
26 26
31 254
31 31
31 229
31 155
31 438
31 367
31 35
31 121
31 32
31 123
31 361
32 438
32 251
32 35
32 361
32 32
32 473
32 367
32 590
32 883
35 62
35 438
35 160
35 35
35 301
35 590
35 442
35 367
35 655
35 121
35 473
48 75
48 252
48 370
48 263
48 361
48 442
48 423
48 229
48 367
48 48
48 847
48 981
49 71
49 49
62 300
62 254
62 340
62 441
62 329
62 70
62 531
62 173
62 445
62 109
62 263
62 367
62 210
62 410
62 467
62 99
62 137
62 312
62 748
62 361
62 769
62 237
62 295
62 371
62 518
62 405
62 262
62 89
62 62
62 366
62 174
62 216
62 423
62 251
62 448
62 419
62 747
62 375
62 238
62 74
62 426
62 548
70 71
70 288
71 432
71 288
71 71
71 121
73 74
73 331
73 73
73 215
73 311
73 218
73 221
73 223
73 309
73 950
74 218
74 219
74 215
74 220
74 221
74 223
74 225
74 227
74 177
74 74
74 309
74 311
74 340
74 366
74 254
74 460
74 85
74 307
74 419
74 312
74 468
74 231
74 331
74 121
74 905
74 438
74 950
74 120
74 872
74 173
75 75
75 367
75 470
75 655
85 370
85 695
85 312
85 85
85 218
85 221
85 160
85 872
85 307
85 507
85 758
85 309
85 467
89 252
89 89
89 375
89 160
89 438
89 301
89 423
89 405
89 515
89 215
89 238
89 933
95 196
95 95
95 167
95 218
95 309
95 122
95 155
95 204
95 123
95 232
99 99
99 139
99 323
99 371
99 121
99 937
99 173
99 420
102 323
102 300
102 405
102 102
102 832
109 366
120 218
120 120
120 232
120 758
120 309
121 252
121 121
121 174
121 137
121 371
121 127
121 468
121 531
121 210
121 161
121 441
121 420
121 462
121 367
121 366
121 219
121 423
121 550
121 221
121 223
121 518
121 405
121 661
121 649
121 601
121 340
121 329
121 173
121 160
121 375
121 548
121 438
121 747
121 426
121 232
121 432
121 748
121 759
121 890
121 288
121 719
121 395
121 263
121 301
121 300
121 363
121 373
121 254
121 651
121 215
121 963
121 473
121 419
122 123
122 122
122 376
122 231
122 262
122 656
122 167
122 150
122 515
122 156
122 468
123 123
123 438
123 251
123 420
123 900
123 160
127 435
127 160
127 227
137 138
137 137
137 174
137 254
137 301
137 160
137 329
137 420
137 139
137 252
137 155
137 210
137 371
137 679
137 663
138 160
138 252
138 420
138 301
139 445
139 139
139 335
139 461
139 448
139 216
139 160
139 420
139 933
148 149
148 468
148 148
148 262
148 160
148 150
148 225
149 149
149 420
149 440
149 655
149 160
149 167
149 381
149 150
149 656
150 150
150 295
150 160
150 381
150 376
150 301
150 215
150 155
150 473
150 387
155 213
155 215
155 512
155 518
155 470
155 301
155 223
155 363
155 655
155 420
155 173
155 855
155 739
155 371
155 221
155 367
156 697
156 381
156 160
156 232
160 161
160 263
160 405
160 300
160 504
160 367
160 237
160 467
160 336
160 361
160 173
160 323
160 251
160 352
160 441
160 748
160 468
160 340
160 294
160 270
160 375
160 232
160 216
160 376
160 426
160 329
160 210
160 366
160 548
160 448
160 381
160 262
160 435
160 410
160 221
160 663
160 832
160 160
160 371
160 550
160 559
160 747
160 882
160 312
160 395
160 601
160 218
160 223
160 252
160 573
160 512
160 445
160 484
160 440
160 963
160 423
160 529
160 857
161 363
161 161
161 570
161 405
161 441
161 661
161 504
161 419
161 300
161 371
167 167
167 196
167 204
167 231
167 468
167 218
167 655
167 232
167 515
167 460
167 340
167 483
167 426
167 420
173 518
173 340
173 173
173 462
173 254
173 301
173 728
173 777
173 405
173 300
173 748
173 531
173 651
173 950
173 223
173 366
174 174
174 371
174 395
174 420
174 210
174 254
174 405
174 363
174 854
174 237
174 366
174 252
174 971
174 473
177 220
177 381
177 223
177 440
177 177
177 218
177 229
177 331
177 515
177 656
177 601
177 232
177 221
177 312
177 307
177 231
177 215
177 905
177 309
196 218
196 204
196 196
196 231
196 971
204 232
204 204
204 218
210 210
210 420
210 371
210 363
210 237
210 254
210 405
210 238
210 329
210 300
210 235
210 295
210 252
210 963
210 926
213 473
213 499
213 529
213 213
213 441
213 573
213 266
215 295
215 309
215 215
215 311
215 262
215 363
215 223
215 227
215 218
215 221
215 747
215 220
215 366
215 905
215 301
215 331
215 460
215 225
215 340
215 440
216 216
216 448
216 254
216 461
216 971
216 301
218 218
218 340
218 307
218 309
218 220
218 311
218 221
218 312
218 223
218 225
218 300
218 366
218 872
218 219
218 288
218 420
219 232
219 483
219 309
220 223
220 220
221 309
221 225
221 312
221 223
221 468
221 419
221 405
223 309
223 223
223 366
223 331
223 225
223 655
223 758
223 518
223 468
223 311
225 311
225 225
225 312
225 331
225 301
225 460
225 309
227 695
227 227
227 254
227 405
229 229
229 387
229 536
229 366
231 232
231 231
231 692
231 262
231 655
231 841
231 656
231 440
231 426
232 232
232 440
232 515
232 483
232 312
232 473
232 426
232 266
232 499
232 484
232 263
232 294
232 872
232 939
232 971
235 238
235 420
235 252
235 930
235 963
235 971
237 237
237 238
237 252
237 926
237 963
238 238
238 440
238 758
238 601
238 252
238 930
238 963
238 499
251 336
251 251
251 438
251 340
251 370
251 361
251 971
251 900
252 288
252 254
252 854
252 252
252 832
252 738
252 518
252 949
252 601
252 661
252 803
252 419
254 651
254 340
254 531
254 329
254 367
254 441
254 371
254 420
254 462
254 445
254 366
254 254
254 518
262 262
262 656
262 376
262 903
262 301
263 263
263 423
263 361
263 442
263 419
263 367
263 438
263 426
263 405
263 300
263 531
263 301
263 847
263 981
266 266
266 440
266 441
266 950
270 515
270 426
270 419
288 432
288 405
288 288
288 758
288 295
288 371
288 550
294 294
294 301
295 381
295 376
295 386
295 387
295 395
295 295
295 331
295 311
295 943
299 473
299 855
299 590
299 299
299 710
300 419
300 405
300 312
300 300
300 329
300 748
300 531
300 323
300 739
300 371
300 367
300 460
301 420
301 651
301 301
301 655
301 473
301 504
301 857
301 445
301 312
301 307
301 747
301 375
301 930
301 963
301 340
301 311
301 926
301 423
307 376
307 307
307 872
307 971
309 309
309 311
309 905
309 312
309 872
311 420
311 312
311 905
311 366
311 373
312 366
312 841
312 420
323 323
323 371
323 618
329 410
329 375
329 363
329 419
329 367
329 405
329 371
329 329
329 514
329 340
329 473
331 340
335 448
335 335
335 461
335 933
336 419
336 438
336 336
336 971
336 883
340 340
340 531
340 371
340 419
340 405
340 367
340 548
340 438
340 848
340 445
340 777
340 483
340 375
340 420
340 473
352 789
352 656
352 352
352 483
361 370
361 361
361 367
361 438
361 971
361 981
361 423
363 364
363 371
363 367
363 531
363 661
363 518
363 420
366 366
366 441
366 367
366 758
366 531
366 445
366 518
366 440
366 512
366 950
366 747
366 387
367 438
367 655
367 405
367 367
367 748
367 470
367 419
367 531
367 375
367 473
367 420
370 423
370 442
371 371
371 405
371 518
371 548
371 419
371 473
373 373
373 420
373 515
375 375
375 663
375 679
375 405
375 514
376 376
376 719
376 841
376 387
376 395
376 632
381 381
381 548
381 515
381 387
387 387
387 395
387 950
395 395
395 719
399 440
405 748
405 405
405 695
405 456
405 548
405 438
405 531
405 758
405 601
405 419
405 518
419 460
419 419
419 445
419 789
419 655
419 473
419 468
419 848
419 531
419 462
419 777
420 651
420 531
420 854
420 669
420 661
423 423
423 438
423 426
423 971
423 981
423 847
423 442
426 426
426 440
426 518
435 435
435 440
435 616
435 920
438 438
438 545
438 531
438 440
438 590
438 470
438 655
438 900
440 534
440 515
440 499
440 440
440 661
440 460
441 529
441 649
441 729
441 661
441 573
441 504
441 473
442 545
442 442
442 981
445 531
445 848
445 518
448 461
448 617
448 448
448 847
448 484
448 933
448 971
456 456
460 473
460 467
460 462
460 518
460 679
460 663
460 460
460 748
461 461
462 463
462 462
462 701
462 545
463 463
467 971
470 470
470 590
470 655
470 971
470 986
473 473
473 545
473 747
473 550
473 855
473 536
473 531
473 963
473 483
483 483
484 515
484 484
488 529
488 971
488 499
499 504
499 529
499 499
499 649
504 529
504 504
504 971
507 507
512 512
514 514
514 971
515 515
518 559
518 661
518 518
518 771
529 529
531 531
531 548
536 601
545 590
550 747
559 559
559 769
570 570
570 661
570 971
573 573
590 590
605 846
614 614
617 618
618 618
623 623
632 632
632 719
646 646
648 648
649 729
649 649
651 651
651 950
655 655
661 661
663 679
663 663
663 747
669 669
669 930
675 675
679 679
679 971
684 684
689 689
695 695
695 971
697 697
703 703
710 747
710 710
710 971
710 952
719 719
719 841
729 971
738 738
747 971
748 748
748 944
758 758
777 971
777 777
789 835
803 803
803 1001
808 808
832 832
832 1001
841 841
846 846
847 847
847 981
883 883
890 890
900 900
905 905
923 923
926 926
926 930
926 963
930 930
930 963
933 933
937 937
949 949
950 963
952 952
958 962
963 963
971 971
981 981
